case_id,proposal_rank,component_id,z0,z1,y0,y1,x0,x1,center_z,center_y,center_x,component_voxels,box_volume,max_probability,mean_probability,source_threshold,prompt_type,overlaps_gt
10701_1000717,1,1000,13,33,28,52,41,76,22.5,39.5,58.0,539,16800,1.0,1.0,gt,gt_jitter,True
10701_1000717,2,1001,13,33,22,48,42,77,22.5,34.5,59.0,539,18200,1.0,1.0,gt,gt_jitter,True
10701_1000717,3,1002,16,33,29,57,42,66,24.0,42.5,53.5,539,11424,1.0,1.0,gt,gt_jitter,True
10380_1000386,1,1000,7,35,12,46,9,56,20.5,28.5,32.0,4083,44744,1.0,1.0,gt,gt_jitter,True
10380_1000386,2,1001,6,36,11,52,14,49,20.5,31.0,31.0,4083,43050,1.0,1.0,gt,gt_jitter,True
10380_1000386,3,1002,5,34,7,49,18,44,19.0,27.5,30.5,4083,31668,1.0,1.0,gt,gt_jitter,True
11181_1001204,1,1000,25,55,39,75,32,80,39.5,56.5,55.5,3183,51840,1.0,1.0,gt,gt_jitter,True
11181_1001204,2,1001,24,52,36,79,35,81,37.5,57.0,57.5,3183,55384,1.0,1.0,gt,gt_jitter,True
11181_1001204,3,1002,24,54,45,69,34,77,38.5,56.5,55.0,3183,30960,1.0,1.0,gt,gt_jitter,True
10148_1000150,1,1000,6,56,10,66,14,78,30.5,37.5,45.5,39709,179200,1.0,1.0,gt,gt_jitter,True
10148_1000150,2,1001,8,59,7,76,10,74,33.0,41.0,41.5,39709,225216,1.0,1.0,gt,gt_jitter,True
10148_1000150,3,1002,8,57,3,70,15,72,32.0,36.0,43.0,39709,187131,1.0,1.0,gt,gt_jitter,True
11133_1001156,1,1000,24,39,8,30,18,45,31.0,18.5,31.0,470,8910,1.0,1.0,gt,gt_jitter,True
11133_1001156,2,1001,24,42,12,29,16,53,32.5,20.0,34.0,470,11322,1.0,1.0,gt,gt_jitter,True
11133_1001156,3,1002,25,42,1,28,23,53,33.0,14.0,37.5,470,13770,1.0,1.0,gt,gt_jitter,True
11133_1001156,4,2000,32,54,18,56,48,71,42.5,36.5,59.0,1924,19228,1.0,1.0,gt,gt_jitter,True
11133_1001156,5,2001,31,53,16,52,47,70,41.5,33.5,58.0,1924,18216,1.0,1.0,gt,gt_jitter,True
11133_1001156,6,2002,34,50,18,61,47,76,41.5,39.0,61.0,1924,19952,1.0,1.0,gt,gt_jitter,True
11437_1001461,1,1000,17,28,6,37,22,52,22.0,21.0,36.5,348,10230,1.0,1.0,gt,gt_jitter,True
11437_1001461,2,1001,17,27,3,28,18,48,21.5,15.0,32.5,348,7500,1.0,1.0,gt,gt_jitter,True
11437_1001461,3,1002,17,28,11,33,26,54,22.0,21.5,39.5,348,6776,1.0,1.0,gt,gt_jitter,True
11437_1001461,4,2000,23,39,9,35,21,58,30.5,21.5,39.0,598,15392,1.0,1.0,gt,gt_jitter,True
11437_1001461,5,2001,23,38,12,30,21,51,30.0,20.5,35.5,598,8100,1.0,1.0,gt,gt_jitter,True
11437_1001461,6,2002,24,38,14,29,17,56,30.5,21.0,36.0,598,8190,1.0,1.0,gt,gt_jitter,True
11437_1001461,7,3000,34,47,22,50,16,31,40.0,35.5,23.0,297,5460,1.0,1.0,gt,gt_jitter,True
11437_1001461,8,3001,34,44,33,50,11,39,38.5,41.0,24.5,297,4760,1.0,1.0,gt,gt_jitter,True
11437_1001461,9,3002,30,45,28,57,18,39,37.0,42.0,28.0,297,9135,1.0,1.0,gt,gt_jitter,True
10355_1000361,1,1000,23,41,23,65,46,79,31.5,43.5,62.0,1698,24948,1.0,1.0,gt,gt_jitter,True
10355_1000361,2,1001,22,39,19,56,52,83,30.0,37.0,67.0,1698,19499,1.0,1.0,gt,gt_jitter,True
10355_1000361,3,1002,24,41,27,57,53,83,32.0,41.5,67.5,1698,15300,1.0,1.0,gt,gt_jitter,True
10993_1001012,1,1000,22,42,33,63,11,44,31.5,47.5,27.0,912,19800,1.0,1.0,gt,gt_jitter,True
10993_1001012,2,1001,18,43,30,57,13,47,30.0,43.0,29.5,912,22950,1.0,1.0,gt,gt_jitter,True
10993_1001012,3,1002,21,43,39,55,9,40,31.5,46.5,24.0,912,10912,1.0,1.0,gt,gt_jitter,True
10687_1000703,1,1000,4,31,52,87,30,63,17.0,69.0,46.0,576,31185,1.0,1.0,gt,gt_jitter,True
10687_1000703,2,1001,5,28,57,87,27,64,16.0,71.5,45.0,576,25530,1.0,1.0,gt,gt_jitter,True
10687_1000703,3,1002,4,30,58,81,33,57,16.5,69.0,44.5,576,14352,1.0,1.0,gt,gt_jitter,True
10684_1000700,1,1000,15,45,6,54,9,64,29.5,29.5,36.0,5391,79200,1.0,1.0,gt,gt_jitter,True
10684_1000700,2,1001,18,46,10,46,18,66,31.5,27.5,41.5,5391,48384,1.0,1.0,gt,gt_jitter,True
10684_1000700,3,1002,17,45,7,54,8,67,30.5,30.0,37.0,5391,77644,1.0,1.0,gt,gt_jitter,True
10424_1000432,1,1000,8,51,25,61,9,73,29.0,42.5,40.5,10617,99072,1.0,1.0,gt,gt_jitter,True
10424_1000432,2,1001,6,50,18,64,13,66,27.5,40.5,39.0,10617,107272,1.0,1.0,gt,gt_jitter,True
10424_1000432,3,1002,9,50,27,56,7,71,29.0,41.0,38.5,10617,76096,1.0,1.0,gt,gt_jitter,True
10699_1000715,1,1000,6,34,16,45,46,74,19.5,30.0,59.5,3384,22736,1.0,1.0,gt,gt_jitter,True
10699_1000715,2,1001,6,35,18,46,41,85,20.0,31.5,62.5,3384,35728,1.0,1.0,gt,gt_jitter,True
10699_1000715,3,1002,10,35,13,48,45,80,22.0,30.0,62.0,3384,30625,1.0,1.0,gt,gt_jitter,True
10398_1000404,1,1000,16,45,4,51,9,60,30.0,27.0,34.0,5679,69513,1.0,1.0,gt,gt_jitter,True
10398_1000404,2,1001,17,48,3,40,7,60,32.0,21.0,33.0,5679,60791,1.0,1.0,gt,gt_jitter,True
10398_1000404,3,1002,18,47,8,51,6,61,32.0,29.0,33.0,5679,68585,1.0,1.0,gt,gt_jitter,True
10873_1000889,1,1000,23,65,43,72,21,64,43.5,57.0,42.0,7923,52374,1.0,1.0,gt,gt_jitter,True
10873_1000889,2,1001,23,65,44,74,12,60,43.5,58.5,35.5,7923,60480,1.0,1.0,gt,gt_jitter,True
10873_1000889,3,1002,22,67,33,80,16,61,44.0,56.0,38.0,7923,95175,1.0,1.0,gt,gt_jitter,True
10953_1000972,1,1000,10,26,8,37,23,56,17.5,22.0,39.0,1347,15312,1.0,1.0,gt,gt_jitter,True
10953_1000972,2,1001,9,25,7,44,24,57,16.5,25.0,40.0,1347,19536,1.0,1.0,gt,gt_jitter,True
10953_1000972,3,1002,13,27,8,37,22,59,19.5,22.0,40.0,1347,15022,1.0,1.0,gt,gt_jitter,True
10842_1000858,1,1000,10,53,9,62,1,68,31.0,35.0,34.0,18795,152693,1.0,1.0,gt,gt_jitter,True
10842_1000858,2,1001,8,53,10,72,5,71,30.0,40.5,37.5,18795,184140,1.0,1.0,gt,gt_jitter,True
10842_1000858,3,1002,10,53,8,74,8,64,31.0,40.5,35.5,18795,158928,1.0,1.0,gt,gt_jitter,True
10383_1000389,1,1000,12,23,37,52,44,67,17.0,44.0,55.0,207,3795,1.0,1.0,gt,gt_jitter,True
10383_1000389,2,1001,9,21,32,49,35,60,14.5,40.0,47.0,207,5100,1.0,1.0,gt,gt_jitter,True
10383_1000389,3,1002,13,25,27,60,33,64,18.5,43.0,48.0,207,12276,1.0,1.0,gt,gt_jitter,True
10383_1000389,4,2000,28,52,7,56,5,46,39.5,31.0,25.0,4257,48216,1.0,1.0,gt,gt_jitter,True
10383_1000389,5,2001,26,49,5,55,8,48,37.0,29.5,27.5,4257,46000,1.0,1.0,gt,gt_jitter,True
10383_1000389,6,2002,26,49,16,46,13,49,37.0,30.5,30.5,4257,24840,1.0,1.0,gt,gt_jitter,True
11260_1001283,1,1000,13,34,18,56,37,59,23.0,36.5,47.5,612,17556,1.0,1.0,gt,gt_jitter,True
11260_1001283,2,1001,12,33,18,54,36,57,22.0,35.5,46.0,612,15876,1.0,1.0,gt,gt_jitter,True
11260_1001283,3,1002,15,33,22,51,34,67,23.5,36.0,50.0,612,17226,1.0,1.0,gt,gt_jitter,True
11260_1001283,4,2000,18,42,15,54,11,44,29.5,34.0,27.0,2385,30888,1.0,1.0,gt,gt_jitter,True
11260_1001283,5,2001,19,46,18,56,4,35,32.0,36.5,19.0,2385,31806,1.0,1.0,gt,gt_jitter,True
11260_1001283,6,2002,22,42,14,52,2,35,31.5,32.5,18.0,2385,25080,1.0,1.0,gt,gt_jitter,True
10520_1000530,1,1000,12,42,48,63,43,76,26.5,55.0,59.0,714,14850,1.0,1.0,gt,gt_jitter,True
10520_1000530,2,1001,16,42,45,69,45,72,28.5,56.5,58.0,714,16848,1.0,1.0,gt,gt_jitter,True
10520_1000530,3,1002,16,43,36,71,41,79,29.0,53.0,59.5,714,35910,1.0,1.0,gt,gt_jitter,True
10008_1000008,1,1000,37,48,37,57,50,80,42.0,46.5,64.5,327,6600,1.0,1.0,gt,gt_jitter,True
10008_1000008,2,1001,33,49,44,59,44,74,40.5,51.0,58.5,327,7200,1.0,1.0,gt,gt_jitter,True
10008_1000008,3,1002,35,51,36,68,49,71,42.5,51.5,59.5,327,11264,1.0,1.0,gt,gt_jitter,True
10754_1000770,1,1000,16,43,39,62,23,59,29.0,50.0,40.5,2791,22356,1.0,1.0,gt,gt_jitter,True
10754_1000770,2,1001,12,42,43,63,25,53,26.5,52.5,38.5,2791,16800,1.0,1.0,gt,gt_jitter,True
10754_1000770,3,1002,15,41,33,74,18,59,27.5,53.0,38.0,2791,43706,1.0,1.0,gt,gt_jitter,True
10565_1000577,1,1000,19,40,32,58,10,41,29.0,44.5,25.0,439,16926,1.0,1.0,gt,gt_jitter,True
10565_1000577,2,1001,22,39,34,48,13,36,30.0,40.5,24.0,439,5474,1.0,1.0,gt,gt_jitter,True
10565_1000577,3,1002,20,40,26,58,11,38,29.5,41.5,24.0,439,17280,1.0,1.0,gt,gt_jitter,True
10901_1000917,1,1000,10,47,30,60,19,50,28.0,44.5,34.0,930,34410,1.0,1.0,gt,gt_jitter,True
10901_1000917,2,1001,12,48,24,58,8,43,29.5,40.5,25.0,930,42840,1.0,1.0,gt,gt_jitter,True
10901_1000917,3,1002,13,47,22,61,19,50,29.5,41.0,34.0,930,41106,1.0,1.0,gt,gt_jitter,True
10459_1000467,1,1000,9,34,35,62,7,42,21.0,48.0,24.0,1319,23625,1.0,1.0,gt,gt_jitter,True
10459_1000467,2,1001,12,35,39,69,16,40,23.0,53.5,27.5,1319,16560,1.0,1.0,gt,gt_jitter,True
10459_1000467,3,1002,12,32,35,66,8,40,21.5,50.0,23.5,1319,19840,1.0,1.0,gt,gt_jitter,True
10112_1000112,1,1000,24,40,37,64,57,73,31.5,50.0,64.5,348,6912,1.0,1.0,gt,gt_jitter,True
10112_1000112,2,1001,28,40,40,62,47,75,33.5,50.5,60.5,348,7392,1.0,1.0,gt,gt_jitter,True
10112_1000112,3,1002,26,36,38,61,52,72,30.5,49.0,61.5,348,4600,1.0,1.0,gt,gt_jitter,True
10957_1000976,1,1000,15,24,12,40,49,68,19.0,25.5,58.0,447,4788,1.0,1.0,gt,gt_jitter,True
10957_1000976,2,1001,14,26,16,46,49,73,19.5,30.5,60.5,447,8640,1.0,1.0,gt,gt_jitter,True
10957_1000976,3,1002,16,25,22,44,48,79,20.0,32.5,63.0,447,6138,1.0,1.0,gt,gt_jitter,True
10289_1000295,1,1000,30,55,37,61,11,39,42.0,48.5,24.5,1041,16800,1.0,1.0,gt,gt_jitter,True
10289_1000295,2,1001,31,52,33,64,13,44,41.0,48.0,28.0,1041,20181,1.0,1.0,gt,gt_jitter,True
10289_1000295,3,1002,31,53,34,61,5,41,41.5,47.0,22.5,1041,21384,1.0,1.0,gt,gt_jitter,True
11338_1001361,1,1000,22,38,15,32,12,55,29.5,23.0,33.0,1098,11696,1.0,1.0,gt,gt_jitter,True
11338_1001361,2,1001,18,36,9,43,19,46,26.5,25.5,32.0,1098,16524,1.0,1.0,gt,gt_jitter,True
11338_1001361,3,1002,22,40,14,42,14,57,30.5,27.5,35.0,1098,21672,1.0,1.0,gt,gt_jitter,True
11397_1001421,1,1000,21,44,45,77,43,76,32.0,60.5,59.0,605,24288,1.0,1.0,gt,gt_jitter,True
11397_1001421,2,1001,23,43,47,68,45,74,32.5,57.0,59.0,605,12180,1.0,1.0,gt,gt_jitter,True
11397_1001421,3,1002,21,42,50,78,45,74,31.0,63.5,59.0,605,17052,1.0,1.0,gt,gt_jitter,True
10074_1000074,1,1000,12,49,10,49,10,55,30.0,29.0,32.0,5592,64935,1.0,1.0,gt,gt_jitter,True
10074_1000074,2,1001,9,48,7,47,9,57,28.0,26.5,32.5,5592,74880,1.0,1.0,gt,gt_jitter,True
10074_1000074,3,1002,12,49,6,45,13,56,30.0,25.0,34.0,5592,62049,1.0,1.0,gt,gt_jitter,True
10029_1000029,1,1000,15,22,25,48,16,44,18.0,36.0,29.5,114,4508,1.0,1.0,gt,gt_jitter,True
10029_1000029,2,1001,13,22,30,56,22,47,17.0,42.5,34.0,114,5850,1.0,1.0,gt,gt_jitter,True
10029_1000029,3,1002,16,23,30,48,19,42,19.0,38.5,30.0,114,2898,1.0,1.0,gt,gt_jitter,True
10510_1000519,1,1000,12,22,46,73,43,76,16.5,59.0,59.0,212,8910,1.0,1.0,gt,gt_jitter,True
10510_1000519,2,1001,10,20,49,73,41,69,14.5,60.5,54.5,212,6720,1.0,1.0,gt,gt_jitter,True
10510_1000519,3,1002,8,21,40,67,48,75,14.0,53.0,61.0,212,9477,1.0,1.0,gt,gt_jitter,True
10135_1000137,1,1000,34,49,28,52,14,72,41.0,39.5,42.5,3469,20880,1.0,1.0,gt,gt_jitter,True
10135_1000137,2,1001,35,45,25,60,9,66,39.5,42.0,37.0,3469,19950,1.0,1.0,gt,gt_jitter,True
10135_1000137,3,1002,34,49,26,52,14,77,41.0,38.5,45.0,3469,24570,1.0,1.0,gt,gt_jitter,True
10392_1000398,1,1000,9,40,40,70,13,49,24.0,54.5,30.5,1005,33480,1.0,1.0,gt,gt_jitter,True
10392_1000398,2,1001,13,39,47,75,9,42,25.5,60.5,25.0,1005,24024,1.0,1.0,gt,gt_jitter,True
10392_1000398,3,1002,12,38,35,64,14,47,24.5,49.0,30.0,1005,24882,1.0,1.0,gt,gt_jitter,True
10775_1000791,1,1000,6,24,31,62,25,54,14.5,46.0,39.0,261,16182,1.0,1.0,gt,gt_jitter,True
10775_1000791,2,1001,8,26,38,61,34,56,16.5,49.0,44.5,261,9108,1.0,1.0,gt,gt_jitter,True
10775_1000791,3,1002,10,27,36,61,28,54,18.0,48.0,40.5,261,11050,1.0,1.0,gt,gt_jitter,True
10775_1000791,4,2000,24,40,31,51,15,29,31.5,40.5,21.5,258,4480,1.0,1.0,gt,gt_jitter,True
10775_1000791,5,2001,27,36,27,58,14,33,31.0,42.0,23.0,258,5301,1.0,1.0,gt,gt_jitter,True
10775_1000791,6,2002,28,39,23,58,14,32,33.0,40.0,22.5,258,6930,1.0,1.0,gt,gt_jitter,True
10397_1000403,1,1000,24,38,24,55,43,68,30.5,39.0,55.0,857,10850,1.0,1.0,gt,gt_jitter,True
10397_1000403,2,1001,24,35,20,50,39,67,29.0,34.5,52.5,857,9240,1.0,1.0,gt,gt_jitter,True
10397_1000403,3,1002,25,34,15,58,42,70,29.0,36.0,55.5,857,10836,1.0,1.0,gt,gt_jitter,True
10636_1000652,1,1000,24,35,34,64,15,50,29.0,48.5,32.0,253,11550,1.0,1.0,gt,gt_jitter,True
10636_1000652,2,1001,25,38,37,65,20,49,31.0,50.5,34.0,253,10556,1.0,1.0,gt,gt_jitter,True
10636_1000652,3,1002,21,35,41,67,13,52,27.5,53.5,32.0,253,14196,1.0,1.0,gt,gt_jitter,True
11296_1001319,1,1000,15,24,23,45,40,69,19.0,33.5,54.0,114,5742,1.0,1.0,gt,gt_jitter,True
11296_1001319,2,1001,15,23,19,45,43,65,18.5,31.5,53.5,114,4576,1.0,1.0,gt,gt_jitter,True
11296_1001319,3,1002,11,23,25,44,38,63,16.5,34.0,50.0,114,5700,1.0,1.0,gt,gt_jitter,True
10486_1000494,1,1000,27,43,54,76,57,77,34.5,64.5,66.5,285,7040,1.0,1.0,gt,gt_jitter,True
10486_1000494,2,1001,25,41,49,76,51,83,32.5,62.0,66.5,285,13824,1.0,1.0,gt,gt_jitter,True
10486_1000494,3,1002,27,42,56,74,50,84,34.0,64.5,66.5,285,9180,1.0,1.0,gt,gt_jitter,True
10094_1000094,1,1000,26,43,9,30,22,52,34.0,19.0,36.5,403,10710,1.0,1.0,gt,gt_jitter,True
10094_1000094,2,1001,26,39,9,39,12,50,32.0,23.5,30.5,403,14820,1.0,1.0,gt,gt_jitter,True
10094_1000094,3,1002,26,42,9,28,20,53,33.5,18.0,36.0,403,10032,1.0,1.0,gt,gt_jitter,True
10229_1000233,1,1000,34,57,45,77,9,60,45.0,60.5,34.0,2841,37536,1.0,1.0,gt,gt_jitter,True
10229_1000233,2,1001,34,60,52,76,4,70,46.5,63.5,36.5,2841,41184,1.0,1.0,gt,gt_jitter,True
10229_1000233,3,1002,31,60,53,74,4,59,45.0,63.0,31.0,2841,33495,1.0,1.0,gt,gt_jitter,True
10393_1000399,1,1000,14,31,19,43,44,69,22.0,30.5,56.0,561,10200,1.0,1.0,gt,gt_jitter,True
10393_1000399,2,1001,18,32,12,47,35,59,24.5,29.0,46.5,561,11760,1.0,1.0,gt,gt_jitter,True
10393_1000399,3,1002,17,35,21,48,33,69,25.5,34.0,50.5,561,17496,1.0,1.0,gt,gt_jitter,True
10393_1000399,4,2000,25,37,34,56,45,64,30.5,44.5,54.0,168,5016,1.0,1.0,gt,gt_jitter,True
10393_1000399,5,2001,23,35,25,47,49,70,28.5,35.5,59.0,168,5544,1.0,1.0,gt,gt_jitter,True
10393_1000399,6,2002,23,37,31,54,41,75,29.5,42.0,57.5,168,10948,1.0,1.0,gt,gt_jitter,True
11352_1001375,1,1000,8,51,19,82,1,73,29.0,50.0,36.5,44220,195048,1.0,1.0,gt,gt_jitter,True
11352_1001375,2,1001,6,52,10,82,7,83,28.5,45.5,44.5,44220,251712,1.0,1.0,gt,gt_jitter,True
11352_1001375,3,1002,9,54,15,73,1,79,31.0,43.5,39.5,44220,203580,1.0,1.0,gt,gt_jitter,True
11032_1001052,1,1000,46,65,7,53,23,71,55.0,29.5,46.5,2795,41952,1.0,1.0,gt,gt_jitter,True
11032_1001052,2,1001,48,65,9,43,28,64,56.0,25.5,45.5,2795,20808,1.0,1.0,gt,gt_jitter,True
11032_1001052,3,1002,47,69,12,47,25,72,57.5,29.0,48.0,2795,36190,1.0,1.0,gt,gt_jitter,True
10097_1000097,1,1000,10,45,11,49,14,61,27.0,29.5,37.0,4941,62510,1.0,1.0,gt,gt_jitter,True
10097_1000097,2,1001,10,46,7,45,14,67,27.5,25.5,40.0,4941,72504,1.0,1.0,gt,gt_jitter,True
10097_1000097,3,1002,11,45,3,50,14,72,27.5,26.0,42.5,4941,92684,1.0,1.0,gt,gt_jitter,True
11245_1001268,1,1000,4,25,34,61,33,64,14.0,47.0,48.0,989,17577,1.0,1.0,gt,gt_jitter,True
11245_1001268,2,1001,8,27,29,56,37,60,17.0,42.0,48.0,989,11799,1.0,1.0,gt,gt_jitter,True
11245_1001268,3,1002,8,26,29,58,32,64,16.5,43.0,47.5,989,16704,1.0,1.0,gt,gt_jitter,True
11245_1001268,4,2000,18,39,29,63,18,45,28.0,45.5,31.0,1349,19278,1.0,1.0,gt,gt_jitter,True
11245_1001268,5,2001,15,38,34,57,18,47,26.0,45.0,32.0,1349,15341,1.0,1.0,gt,gt_jitter,True
11245_1001268,6,2002,18,37,35,55,9,45,27.0,44.5,26.5,1349,13680,1.0,1.0,gt,gt_jitter,True
11050_1001070,1,1000,5,25,93,118,70,106,14.5,105.0,87.5,939,18000,1.0,1.0,gt,gt_jitter,True
11050_1001070,2,1001,4,25,99,125,76,107,14.0,111.5,91.0,939,16926,1.0,1.0,gt,gt_jitter,True
11050_1001070,3,1002,5,26,100,120,72,109,15.0,109.5,90.0,939,15540,1.0,1.0,gt,gt_jitter,True
11102_1001125,1,1000,13,38,31,62,44,77,25.0,46.0,60.0,1068,25575,1.0,1.0,gt,gt_jitter,True
11102_1001125,2,1001,14,37,41,63,48,78,25.0,51.5,62.5,1068,15180,1.0,1.0,gt,gt_jitter,True
11102_1001125,3,1002,14,40,30,68,49,75,26.5,48.5,61.5,1068,25688,1.0,1.0,gt,gt_jitter,True
11350_1001373,1,1000,15,49,27,62,11,48,31.5,44.0,29.0,1602,44030,1.0,1.0,gt,gt_jitter,True
11350_1001373,2,1001,14,51,28,58,8,45,32.0,42.5,26.0,1602,41070,1.0,1.0,gt,gt_jitter,True
11350_1001373,3,1002,12,47,35,62,18,44,29.0,48.0,30.5,1602,24570,1.0,1.0,gt,gt_jitter,True
10856_1000872,1,1000,15,46,17,60,41,68,30.0,38.0,54.0,2391,35991,1.0,1.0,gt,gt_jitter,True
10856_1000872,2,1001,18,46,10,65,46,66,31.5,37.0,55.5,2391,30800,1.0,1.0,gt,gt_jitter,True
10856_1000872,3,1002,17,49,19,67,40,70,32.5,42.5,54.5,2391,46080,1.0,1.0,gt,gt_jitter,True
11037_1001057,1,1000,17,52,5,54,15,57,34.0,29.0,35.5,11248,72030,1.0,1.0,gt,gt_jitter,True
11037_1001057,2,1001,16,53,8,59,7,68,34.0,33.0,37.0,11248,115107,1.0,1.0,gt,gt_jitter,True
11037_1001057,3,1002,16,55,7,51,17,64,35.0,28.5,40.0,11248,80652,1.0,1.0,gt,gt_jitter,True
10104_1000104,1,1000,31,44,26,47,18,40,37.0,36.0,28.5,204,6006,1.0,1.0,gt,gt_jitter,True
10104_1000104,2,1001,32,41,25,44,15,38,36.0,34.0,26.0,204,3933,1.0,1.0,gt,gt_jitter,True
10104_1000104,3,1002,33,41,26,44,11,42,36.5,34.5,26.0,204,4464,1.0,1.0,gt,gt_jitter,True
11375_1001398,1,1000,13,34,27,50,28,70,23.0,38.0,48.5,1866,20286,1.0,1.0,gt,gt_jitter,True
11375_1001398,2,1001,13,34,23,44,32,65,23.0,33.0,48.0,1866,14553,1.0,1.0,gt,gt_jitter,True
11375_1001398,3,1002,13,31,19,44,36,69,21.5,31.0,52.0,1866,14850,1.0,1.0,gt,gt_jitter,True
10550_1000562,1,1000,21,38,33,53,17,33,29.0,42.5,24.5,162,5440,1.0,1.0,gt,gt_jitter,True
10550_1000562,2,1001,22,36,30,58,18,32,28.5,43.5,24.5,162,5488,1.0,1.0,gt,gt_jitter,True
10550_1000562,3,1002,24,37,29,50,8,38,30.0,39.0,22.5,162,8190,1.0,1.0,gt,gt_jitter,True
10868_1000884,1,1000,34,44,31,51,38,62,38.5,40.5,49.5,111,4800,1.0,1.0,gt,gt_jitter,True
10868_1000884,2,1001,31,43,32,55,49,69,36.5,43.0,58.5,111,5520,1.0,1.0,gt,gt_jitter,True
10868_1000884,3,1002,32,45,27,53,48,70,38.0,39.5,58.5,111,7436,1.0,1.0,gt,gt_jitter,True
10375_1000381,1,1000,15,25,36,55,20,43,19.5,45.0,31.0,222,4370,1.0,1.0,gt,gt_jitter,True
10375_1000381,2,1001,16,26,39,61,15,42,20.5,49.5,28.0,222,5940,1.0,1.0,gt,gt_jitter,True
10375_1000381,3,1002,14,28,35,62,15,42,20.5,48.0,28.0,222,10206,1.0,1.0,gt,gt_jitter,True
10375_1000381,4,2000,17,32,11,41,34,67,24.0,25.5,50.0,264,14850,1.0,1.0,gt,gt_jitter,True
10375_1000381,5,2001,16,29,15,40,44,62,22.0,27.0,52.5,264,5850,1.0,1.0,gt,gt_jitter,True
10375_1000381,6,2002,17,28,8,39,45,67,22.0,23.0,55.5,264,7502,1.0,1.0,gt,gt_jitter,True
10375_1000381,7,3000,18,35,12,36,14,45,26.0,23.5,29.0,466,12648,1.0,1.0,gt,gt_jitter,True
10375_1000381,8,3001,16,32,10,34,21,53,23.5,21.5,36.5,466,12288,1.0,1.0,gt,gt_jitter,True
10375_1000381,9,3002,18,34,12,37,15,48,25.5,24.0,31.0,466,13200,1.0,1.0,gt,gt_jitter,True
10693_1000709,1,1000,15,59,16,57,28,75,36.5,36.0,51.0,8702,84788,1.0,1.0,gt,gt_jitter,True
10693_1000709,2,1001,15,62,20,66,36,74,38.0,42.5,54.5,8702,82156,1.0,1.0,gt,gt_jitter,True
10693_1000709,3,1002,17,61,23,63,34,77,38.5,42.5,55.0,8702,75680,1.0,1.0,gt,gt_jitter,True
10726_1000742,1,1000,11,36,29,68,10,45,23.0,48.0,27.0,1836,34125,1.0,1.0,gt,gt_jitter,True
10726_1000742,2,1001,11,37,26,57,8,44,23.5,41.0,25.5,1836,29016,1.0,1.0,gt,gt_jitter,True
10726_1000742,3,1002,13,35,34,63,14,43,23.5,48.0,28.0,1836,18502,1.0,1.0,gt,gt_jitter,True
10494_1000503,1,1000,11,49,15,72,43,79,29.5,43.0,60.5,5985,77976,1.0,1.0,gt,gt_jitter,True
10494_1000503,2,1001,13,48,26,69,49,80,30.0,47.0,64.0,5985,46655,1.0,1.0,gt,gt_jitter,True
10494_1000503,3,1002,9,45,17,60,47,86,26.5,38.0,66.0,5985,60372,1.0,1.0,gt,gt_jitter,True
11157_1001180,1,1000,18,44,38,70,28,61,30.5,53.5,44.0,3219,27456,1.0,1.0,gt,gt_jitter,True
11157_1001180,2,1001,15,46,30,63,17,65,30.0,46.0,40.5,3219,49104,1.0,1.0,gt,gt_jitter,True
11157_1001180,3,1002,17,42,29,65,24,65,29.0,46.5,44.0,3219,36900,1.0,1.0,gt,gt_jitter,True
10721_1000737,1,1000,19,37,18,51,37,63,27.5,34.0,49.5,699,15444,1.0,1.0,gt,gt_jitter,True
10721_1000737,2,1001,18,34,25,41,38,64,25.5,32.5,50.5,699,6656,1.0,1.0,gt,gt_jitter,True
10721_1000737,3,1002,22,36,22,50,42,73,28.5,35.5,57.0,699,12152,1.0,1.0,gt,gt_jitter,True
11163_1001186,1,1000,6,34,11,39,16,55,19.5,24.5,35.0,2004,30576,1.0,1.0,gt,gt_jitter,True
11163_1001186,2,1001,7,30,13,33,12,53,18.0,22.5,32.0,2004,18860,1.0,1.0,gt,gt_jitter,True
11163_1001186,3,1002,7,34,7,30,23,51,20.0,18.0,36.5,2004,17388,1.0,1.0,gt,gt_jitter,True
11225_1001248,1,1000,10,33,7,34,21,66,21.0,20.0,43.0,2997,27945,1.0,1.0,gt,gt_jitter,True
11225_1001248,2,1001,12,34,8,42,15,64,22.5,24.5,39.0,2997,36652,1.0,1.0,gt,gt_jitter,True
11225_1001248,3,1002,11,34,7,38,22,72,22.0,22.0,46.5,2997,35650,1.0,1.0,gt,gt_jitter,True
11332_1001355,1,1000,12,22,25,45,34,55,16.5,34.5,44.0,152,4200,1.0,1.0,gt,gt_jitter,True
11332_1001355,2,1001,8,22,23,49,40,52,14.5,35.5,45.5,152,4368,1.0,1.0,gt,gt_jitter,True
11332_1001355,3,1002,11,21,24,42,34,59,15.5,32.5,46.0,152,4500,1.0,1.0,gt,gt_jitter,True
10545_1000556,1,1000,9,49,15,60,7,37,28.5,37.0,21.5,1548,54000,1.0,1.0,gt,gt_jitter,True
10545_1000556,2,1001,10,47,15,49,0,41,28.0,31.5,20.0,1548,51578,1.0,1.0,gt,gt_jitter,True
10545_1000556,3,1002,7,49,20,57,8,41,27.5,38.0,24.0,1548,51282,1.0,1.0,gt,gt_jitter,True
10053_1000053,1,1000,12,28,44,73,14,44,19.5,58.0,28.5,372,13920,1.0,1.0,gt,gt_jitter,True
10053_1000053,2,1001,13,27,39,66,13,38,19.5,52.0,25.0,372,9450,1.0,1.0,gt,gt_jitter,True
10053_1000053,3,1002,13,28,45,62,15,43,20.0,53.0,28.5,372,7140,1.0,1.0,gt,gt_jitter,True
10508_1000517,1,1000,35,47,34,52,10,40,40.5,42.5,24.5,356,6480,1.0,1.0,gt,gt_jitter,True
10508_1000517,2,1001,35,48,35,57,11,42,41.0,45.5,26.0,356,8866,1.0,1.0,gt,gt_jitter,True
10508_1000517,3,1002,35,45,27,59,10,38,39.5,42.5,23.5,356,8960,1.0,1.0,gt,gt_jitter,True
10484_1000492,1,1000,14,28,18,48,24,59,20.5,32.5,41.0,1176,14700,1.0,1.0,gt,gt_jitter,True
10484_1000492,2,1001,16,30,9,44,29,61,22.5,26.0,44.5,1176,15680,1.0,1.0,gt,gt_jitter,True
10484_1000492,3,1002,12,28,18,40,24,57,19.5,28.5,40.0,1176,11616,1.0,1.0,gt,gt_jitter,True
10773_1000789,1,1000,18,42,27,59,32,63,29.5,42.5,47.0,483,23808,1.0,1.0,gt,gt_jitter,True
10773_1000789,2,1001,18,44,26,58,39,70,30.5,41.5,54.0,483,25792,1.0,1.0,gt,gt_jitter,True
10773_1000789,3,1002,21,44,34,54,44,72,32.0,43.5,57.5,483,12880,1.0,1.0,gt,gt_jitter,True
11051_1001071,1,1000,2,18,9,43,31,67,9.5,25.5,48.5,675,19584,1.0,1.0,gt,gt_jitter,True
11051_1001071,2,1001,1,18,12,35,25,63,9.0,23.0,43.5,675,14858,1.0,1.0,gt,gt_jitter,True
11051_1001071,3,1002,1,15,11,41,27,68,7.5,25.5,47.0,675,17220,1.0,1.0,gt,gt_jitter,True
10273_1000278,1,1000,14,37,17,50,17,52,25.0,33.0,34.0,2833,26565,1.0,1.0,gt,gt_jitter,True
10273_1000278,2,1001,15,39,14,46,19,52,26.5,29.5,35.0,2833,25344,1.0,1.0,gt,gt_jitter,True
10273_1000278,3,1002,11,36,12,45,28,57,23.0,28.0,42.0,2833,23925,1.0,1.0,gt,gt_jitter,True
11177_1001200,1,1000,22,50,36,62,41,79,35.5,48.5,59.5,1785,27664,1.0,1.0,gt,gt_jitter,True
11177_1001200,2,1001,25,48,34,62,51,79,36.0,47.5,64.5,1785,18032,1.0,1.0,gt,gt_jitter,True
11177_1001200,3,1002,25,51,31,60,53,82,37.5,45.0,67.0,1785,21866,1.0,1.0,gt,gt_jitter,True
11074_1001096,1,1000,5,19,21,57,32,57,11.5,38.5,44.0,555,12600,1.0,1.0,gt,gt_jitter,True
11074_1001096,2,1001,4,18,24,63,33,57,10.5,43.0,44.5,555,13104,1.0,1.0,gt,gt_jitter,True
11074_1001096,3,1002,3,20,22,58,31,61,11.0,39.5,45.5,555,18360,1.0,1.0,gt,gt_jitter,True
11074_1001096,4,2000,23,35,11,38,23,51,28.5,24.0,36.5,276,9072,1.0,1.0,gt,gt_jitter,True
11074_1001096,5,2001,23,34,6,32,24,44,28.0,18.5,33.5,276,5720,1.0,1.0,gt,gt_jitter,True
11074_1001096,6,2002,25,35,15,36,21,43,29.5,25.0,31.5,276,4620,1.0,1.0,gt,gt_jitter,True
10214_1000218,1,1000,6,19,29,66,36,59,12.0,47.0,47.0,684,11063,1.0,1.0,gt,gt_jitter,True
10214_1000218,2,1001,5,20,37,63,32,60,12.0,49.5,45.5,684,10920,1.0,1.0,gt,gt_jitter,True
10214_1000218,3,1002,6,18,30,55,30,70,11.5,42.0,49.5,684,12000,1.0,1.0,gt,gt_jitter,True
10515_1000525,1,1000,12,27,44,58,31,51,19.0,50.5,40.5,360,4200,1.0,1.0,gt,gt_jitter,True
10515_1000525,2,1001,12,27,41,64,27,54,19.0,52.0,40.0,360,9315,1.0,1.0,gt,gt_jitter,True
10515_1000525,3,1002,12,29,34,63,29,62,20.0,48.0,45.0,360,16269,1.0,1.0,gt,gt_jitter,True
10390_1000396,1,1000,11,39,23,63,5,44,24.5,42.5,24.0,1860,43680,1.0,1.0,gt,gt_jitter,True
10390_1000396,2,1001,11,39,31,62,11,47,24.5,46.0,28.5,1860,31248,1.0,1.0,gt,gt_jitter,True
10390_1000396,3,1002,10,40,23,63,6,41,24.5,42.5,23.0,1860,42000,1.0,1.0,gt,gt_jitter,True
10377_1000383,1,1000,19,30,50,75,11,45,24.0,62.0,27.5,357,9350,1.0,1.0,gt,gt_jitter,True
10377_1000383,2,1001,18,31,40,67,17,51,24.0,53.0,33.5,357,11934,1.0,1.0,gt,gt_jitter,True
10377_1000383,3,1002,15,30,42,65,16,46,22.0,53.0,30.5,357,10350,1.0,1.0,gt,gt_jitter,True
11086_1001108,1,1000,12,34,15,37,15,36,22.5,25.5,25.0,2382,10164,1.0,1.0,gt,gt_jitter,True
11086_1001108,2,1001,12,34,9,36,13,38,22.5,22.0,25.0,2382,14850,1.0,1.0,gt,gt_jitter,True
11086_1001108,3,1002,12,36,15,45,7,45,23.5,29.5,25.5,2382,27360,1.0,1.0,gt,gt_jitter,True
10968_1000987,1,1000,4,22,15,63,18,69,12.5,38.5,43.0,3033,44064,1.0,1.0,gt,gt_jitter,True
10968_1000987,2,1001,1,21,24,53,25,71,10.5,38.0,47.5,3033,26680,1.0,1.0,gt,gt_jitter,True
10968_1000987,3,1002,0,21,24,58,18,74,10.0,40.5,45.5,3033,39984,1.0,1.0,gt,gt_jitter,True
10499_1000508,1,1000,22,35,23,38,39,71,28.0,30.0,54.5,412,6240,1.0,1.0,gt,gt_jitter,True
10499_1000508,2,1001,23,37,16,39,39,70,29.5,27.0,54.0,412,9982,1.0,1.0,gt,gt_jitter,True
10499_1000508,3,1002,21,39,16,44,34,67,29.5,29.5,50.0,412,16632,1.0,1.0,gt,gt_jitter,True
10211_1000215,1,1000,15,34,34,62,42,76,24.0,47.5,58.5,2268,18088,1.0,1.0,gt,gt_jitter,True
10211_1000215,2,1001,15,34,29,70,49,79,24.0,49.0,63.5,2268,23370,1.0,1.0,gt,gt_jitter,True
10211_1000215,3,1002,15,33,25,69,39,72,23.5,46.5,55.0,2268,26136,1.0,1.0,gt,gt_jitter,True
10710_1000726,1,1000,13,49,44,74,10,54,30.5,58.5,31.5,3984,47520,1.0,1.0,gt,gt_jitter,True
10710_1000726,2,1001,9,47,40,76,11,55,27.5,57.5,32.5,3984,60192,1.0,1.0,gt,gt_jitter,True
10710_1000726,3,1002,11,48,43,78,5,56,29.0,60.0,30.0,3984,66045,1.0,1.0,gt,gt_jitter,True
11345_1001368,1,1000,27,49,29,60,17,46,37.5,44.0,31.0,1203,19778,1.0,1.0,gt,gt_jitter,True
11345_1001368,2,1001,28,45,28,65,9,46,36.0,46.0,27.0,1203,23273,1.0,1.0,gt,gt_jitter,True
11345_1001368,3,1002,26,47,40,56,15,51,36.0,47.5,32.5,1203,12096,1.0,1.0,gt,gt_jitter,True
10132_1000134,1,1000,18,40,22,57,33,59,28.5,39.0,45.5,1431,20020,1.0,1.0,gt,gt_jitter,True
10132_1000134,2,1001,16,43,23,51,35,60,29.0,36.5,47.0,1431,18900,1.0,1.0,gt,gt_jitter,True
10132_1000134,3,1002,19,43,32,60,30,60,30.5,45.5,44.5,1431,20160,1.0,1.0,gt,gt_jitter,True
10888_1000904,1,1000,7,26,67,90,24,56,16.0,78.0,39.5,633,13984,1.0,1.0,gt,gt_jitter,True
10888_1000904,2,1001,9,25,61,87,17,54,16.5,73.5,35.0,633,15392,1.0,1.0,gt,gt_jitter,True
10888_1000904,3,1002,9,27,62,91,28,52,17.5,76.0,39.5,633,12528,1.0,1.0,gt,gt_jitter,True
10798_1000814,1,1000,5,51,6,58,9,74,27.5,31.5,41.0,23901,155480,1.0,1.0,gt,gt_jitter,True
10798_1000814,2,1001,7,54,2,48,0,65,30.0,24.5,32.0,23901,140530,1.0,1.0,gt,gt_jitter,True
10798_1000814,3,1002,5,54,1,47,2,75,29.0,23.5,38.0,23901,164542,1.0,1.0,gt,gt_jitter,True
10235_1000239,1,1000,22,40,9,35,28,57,30.5,21.5,42.0,1092,13572,1.0,1.0,gt,gt_jitter,True
10235_1000239,2,1001,21,40,7,30,20,53,30.0,18.0,36.0,1092,14421,1.0,1.0,gt,gt_jitter,True
10235_1000239,3,1002,20,41,4,31,16,53,30.0,17.0,34.0,1092,20979,1.0,1.0,gt,gt_jitter,True
11137_1001160,1,1000,17,34,33,62,4,30,25.0,47.0,16.5,249,12818,1.0,1.0,gt,gt_jitter,True
11137_1001160,2,1001,16,31,31,61,13,29,23.0,45.5,20.5,249,7200,1.0,1.0,gt,gt_jitter,True
11137_1001160,3,1002,16,30,31,64,4,32,22.5,47.0,17.5,249,12936,1.0,1.0,gt,gt_jitter,True
10202_1000206,1,1000,18,37,58,83,2,32,27.0,70.0,16.5,681,14250,1.0,1.0,gt,gt_jitter,True
10202_1000206,2,1001,20,36,56,86,4,34,27.5,70.5,18.5,681,14400,1.0,1.0,gt,gt_jitter,True
10202_1000206,3,1002,20,34,61,82,6,37,26.5,71.0,21.0,681,9114,1.0,1.0,gt,gt_jitter,True
10368_1000374,1,1000,15,38,12,41,27,61,26.0,26.0,43.5,2181,22678,1.0,1.0,gt,gt_jitter,True
10368_1000374,2,1001,15,38,8,50,29,69,26.0,28.5,48.5,2181,38640,1.0,1.0,gt,gt_jitter,True
10368_1000374,3,1002,18,38,18,39,29,64,27.5,28.0,46.0,2181,14700,1.0,1.0,gt,gt_jitter,True
10644_1000660,1,1000,18,32,39,70,44,80,24.5,54.0,61.5,327,15624,1.0,1.0,gt,gt_jitter,True
10644_1000660,2,1001,21,35,36,73,48,81,27.5,54.0,64.0,327,17094,1.0,1.0,gt,gt_jitter,True
10644_1000660,3,1002,19,35,42,61,46,70,26.5,51.0,57.5,327,7296,1.0,1.0,gt,gt_jitter,True
10644_1000660,4,2000,32,46,36,67,11,35,38.5,51.0,22.5,532,10416,1.0,1.0,gt,gt_jitter,True
10644_1000660,5,2001,32,49,43,68,11,41,40.0,55.0,25.5,532,12750,1.0,1.0,gt,gt_jitter,True
10644_1000660,6,2002,30,45,35,63,11,36,37.0,48.5,23.0,532,10500,1.0,1.0,gt,gt_jitter,True
10644_1000660,7,3000,28,42,45,68,46,73,34.5,56.0,59.0,112,8694,1.0,1.0,gt,gt_jitter,True
10644_1000660,8,3001,31,39,52,65,50,69,34.5,58.0,59.0,112,1976,1.0,1.0,gt,gt_jitter,True
10644_1000660,9,3002,28,41,41,71,40,66,34.0,55.5,52.5,112,10140,1.0,1.0,gt,gt_jitter,True
10085_1000085,1,1000,15,37,8,39,8,58,25.5,23.0,32.5,2235,34100,1.0,1.0,gt,gt_jitter,True
10085_1000085,2,1001,15,33,8,41,7,58,23.5,24.0,32.0,2235,30294,1.0,1.0,gt,gt_jitter,True
10085_1000085,3,1002,15,33,11,43,5,52,23.5,26.5,28.0,2235,27072,1.0,1.0,gt,gt_jitter,True
10271_1000275,1,1000,12,40,19,50,13,62,25.5,34.0,37.0,3087,42532,1.0,1.0,gt,gt_jitter,True
10271_1000275,2,1001,14,43,17,45,18,57,28.0,30.5,37.0,3087,31668,1.0,1.0,gt,gt_jitter,True
10271_1000275,3,1002,15,40,12,44,15,53,27.0,27.5,33.5,3087,30400,1.0,1.0,gt,gt_jitter,True
10170_1000173,1,1000,15,28,30,62,20,53,21.0,45.5,36.0,72,13728,1.0,1.0,gt,gt_jitter,True
10170_1000173,2,1001,16,26,33,57,25,49,20.5,44.5,36.5,72,5760,1.0,1.0,gt,gt_jitter,True
10170_1000173,3,1002,16,26,40,56,24,44,20.5,47.5,33.5,72,3200,1.0,1.0,gt,gt_jitter,True
11333_1001356,1,1000,19,54,4,74,6,71,36.0,38.5,38.0,22890,159250,1.0,1.0,gt,gt_jitter,True
11333_1001356,2,1001,22,58,3,64,9,72,39.5,33.0,40.0,22890,138348,1.0,1.0,gt,gt_jitter,True
11333_1001356,3,1002,22,55,4,65,16,65,38.0,34.0,40.0,22890,98637,1.0,1.0,gt,gt_jitter,True
11377_1001400,1,1000,22,51,6,45,25,61,36.0,25.0,42.5,1356,40716,1.0,1.0,gt,gt_jitter,True
11377_1001400,2,1001,25,54,4,40,37,62,39.0,21.5,49.0,1356,26100,1.0,1.0,gt,gt_jitter,True
11377_1001400,3,1002,23,53,12,36,35,69,37.5,23.5,51.5,1356,24480,1.0,1.0,gt,gt_jitter,True
10451_1000459,1,1000,9,22,20,44,27,52,15.0,31.5,39.0,153,7800,1.0,1.0,gt,gt_jitter,True
10451_1000459,2,1001,13,18,20,46,31,50,15.0,32.5,40.0,153,2470,1.0,1.0,gt,gt_jitter,True
10451_1000459,3,1002,11,18,22,39,23,56,14.0,30.0,39.0,153,3927,1.0,1.0,gt,gt_jitter,True
11313_1001336,1,1000,17,55,9,75,10,65,35.5,41.5,37.0,15640,137940,1.0,1.0,gt,gt_jitter,True
11313_1001336,2,1001,18,53,11,78,8,60,35.0,44.0,33.5,15640,121940,1.0,1.0,gt,gt_jitter,True
11313_1001336,3,1002,15,55,18,66,9,67,34.5,41.5,37.5,15640,111360,1.0,1.0,gt,gt_jitter,True
10372_1000378,1,1000,10,31,50,68,39,69,20.0,58.5,53.5,540,11340,1.0,1.0,gt,gt_jitter,True
10372_1000378,2,1001,12,30,44,69,44,72,20.5,56.0,57.5,540,12600,1.0,1.0,gt,gt_jitter,True
10372_1000378,3,1002,11,31,40,79,42,68,20.5,59.0,54.5,540,20280,1.0,1.0,gt,gt_jitter,True
10372_1000378,4,2000,14,30,47,69,6,42,21.5,57.5,23.5,378,12672,1.0,1.0,gt,gt_jitter,True
10372_1000378,5,2001,15,29,38,70,10,46,21.5,53.5,27.5,378,16128,1.0,1.0,gt,gt_jitter,True
10372_1000378,6,2002,14,28,45,66,4,42,20.5,55.0,22.5,378,11172,1.0,1.0,gt,gt_jitter,True
10956_1000975,1,1000,1,65,26,82,40,92,32.5,53.5,65.5,34476,186368,1.0,1.0,gt,gt_jitter,True
10956_1000975,2,1001,0,65,28,89,31,92,32.0,58.0,61.0,34476,241865,1.0,1.0,gt,gt_jitter,True
10956_1000975,3,1002,0,63,28,89,30,92,31.0,58.0,60.5,34476,238266,1.0,1.0,gt,gt_jitter,True
11341_1001364,1,1000,8,49,10,60,12,66,28.0,34.5,38.5,11262,110700,1.0,1.0,gt,gt_jitter,True
11341_1001364,2,1001,8,47,12,63,4,66,27.0,37.0,34.5,11262,123318,1.0,1.0,gt,gt_jitter,True
11341_1001364,3,1002,9,47,10,67,7,62,27.5,38.0,34.0,11262,119130,1.0,1.0,gt,gt_jitter,True
10634_1000650,1,1000,24,56,38,68,16,49,39.5,52.5,32.0,3040,31680,1.0,1.0,gt,gt_jitter,True
10634_1000650,2,1001,26,55,36,65,17,45,40.0,50.0,30.5,3040,23548,1.0,1.0,gt,gt_jitter,True
10634_1000650,3,1002,25,56,34,72,16,52,40.0,52.5,33.5,3040,42408,1.0,1.0,gt,gt_jitter,True
10471_1000479,1,1000,12,20,28,46,37,55,15.5,36.5,45.5,180,2592,1.0,1.0,gt,gt_jitter,True
10471_1000479,2,1001,11,23,29,53,36,56,16.5,40.5,45.5,180,5760,1.0,1.0,gt,gt_jitter,True
10471_1000479,3,1002,15,23,19,43,38,56,18.5,30.5,46.5,180,3456,1.0,1.0,gt,gt_jitter,True
10471_1000479,4,2000,17,27,9,38,8,46,21.5,23.0,26.5,688,11020,1.0,1.0,gt,gt_jitter,True
10471_1000479,5,2001,18,31,15,37,17,45,24.0,25.5,30.5,688,8008,1.0,1.0,gt,gt_jitter,True
10471_1000479,6,2002,16,30,15,47,12,45,22.5,30.5,28.0,688,14784,1.0,1.0,gt,gt_jitter,True
10652_1000668,1,1000,9,16,23,51,31,60,12.0,36.5,45.0,165,5684,1.0,1.0,gt,gt_jitter,True
10652_1000668,2,1001,9,19,25,48,36,64,13.5,36.0,49.5,165,6440,1.0,1.0,gt,gt_jitter,True
10652_1000668,3,1002,8,15,26,48,40,67,11.0,36.5,53.0,165,4158,1.0,1.0,gt,gt_jitter,True
10607_1000621,1,1000,11,23,17,43,14,54,16.5,29.5,33.5,540,12480,1.0,1.0,gt,gt_jitter,True
10607_1000621,2,1001,11,24,17,42,23,49,17.0,29.0,35.5,540,8450,1.0,1.0,gt,gt_jitter,True
10607_1000621,3,1002,10,22,18,46,22,46,15.5,31.5,33.5,540,8064,1.0,1.0,gt,gt_jitter,True
10013_1000013,1,1000,19,31,29,57,23,45,24.5,42.5,33.5,111,7392,1.0,1.0,gt,gt_jitter,True
10013_1000013,2,1001,16,34,36,58,11,42,24.5,46.5,26.0,111,12276,1.0,1.0,gt,gt_jitter,True
10013_1000013,3,1002,19,33,27,55,12,39,25.5,40.5,25.0,111,10584,1.0,1.0,gt,gt_jitter,True
11130_1001153,1,1000,18,41,25,47,7,40,29.0,35.5,23.0,1191,16698,1.0,1.0,gt,gt_jitter,True
11130_1001153,2,1001,18,40,19,47,6,39,28.5,32.5,22.0,1191,20328,1.0,1.0,gt,gt_jitter,True
11130_1001153,3,1002,16,41,19,46,8,42,28.0,32.0,24.5,1191,22950,1.0,1.0,gt,gt_jitter,True
11325_1001348,1,1000,19,55,8,49,8,51,36.5,28.0,29.0,10173,63468,1.0,1.0,gt,gt_jitter,True
11325_1001348,2,1001,18,52,6,57,5,61,34.5,31.0,32.5,10173,97104,1.0,1.0,gt,gt_jitter,True
11325_1001348,3,1002,19,51,10,57,11,52,34.5,33.0,31.0,10173,61664,1.0,1.0,gt,gt_jitter,True
10294_1000300,1,1000,17,33,34,62,32,59,24.5,47.5,45.0,180,12096,1.0,1.0,gt,gt_jitter,True
10294_1000300,2,1001,21,32,29,55,34,65,26.0,41.5,49.0,180,8866,1.0,1.0,gt,gt_jitter,True
10294_1000300,3,1002,21,36,32,62,37,57,28.0,46.5,46.5,180,9000,1.0,1.0,gt,gt_jitter,True
10399_1000405,1,1000,22,30,31,64,5,37,25.5,47.0,20.5,525,8448,1.0,1.0,gt,gt_jitter,True
10399_1000405,2,1001,20,34,26,62,7,35,26.5,43.5,20.5,525,14112,1.0,1.0,gt,gt_jitter,True
10399_1000405,3,1002,21,34,31,56,4,39,27.0,43.0,21.0,525,11375,1.0,1.0,gt,gt_jitter,True
11283_1001306,1,1000,41,54,21,64,14,73,47.0,42.0,43.0,3982,32981,1.0,1.0,gt,gt_jitter,True
11283_1001306,2,1001,42,55,18,70,11,77,48.0,43.5,43.5,3982,44616,1.0,1.0,gt,gt_jitter,True
11283_1001306,3,1002,39,54,19,59,19,74,46.0,38.5,46.0,3982,33000,1.0,1.0,gt,gt_jitter,True
10354_1000360,1,1000,12,40,15,54,19,53,25.5,34.0,35.5,1999,37128,1.0,1.0,gt,gt_jitter,True
10354_1000360,2,1001,12,38,13,50,20,56,24.5,31.0,37.5,1999,34632,1.0,1.0,gt,gt_jitter,True
10354_1000360,3,1002,15,37,15,60,24,58,25.5,37.0,40.5,1999,33660,1.0,1.0,gt,gt_jitter,True
11243_1001266,1,1000,29,42,20,42,13,38,35.0,30.5,25.0,487,7150,1.0,1.0,gt,gt_jitter,True
11243_1001266,2,1001,26,41,17,47,10,40,33.0,31.5,24.5,487,13500,1.0,1.0,gt,gt_jitter,True
11243_1001266,3,1002,26,42,11,38,15,45,33.5,24.0,29.5,487,12960,1.0,1.0,gt,gt_jitter,True
11243_1001266,4,2000,33,38,25,42,7,31,35.0,33.0,18.5,54,2040,1.0,1.0,gt,gt_jitter,True
11243_1001266,5,2001,30,38,27,41,5,25,33.5,33.5,14.5,54,2240,1.0,1.0,gt,gt_jitter,True
11243_1001266,6,2002,29,40,32,51,4,25,34.0,41.0,14.0,54,4389,1.0,1.0,gt,gt_jitter,True
10589_1000603,1,1000,16,42,24,59,3,41,28.5,41.0,21.5,1569,34580,1.0,1.0,gt,gt_jitter,True
10589_1000603,2,1001,15,39,15,60,2,49,26.5,37.0,25.0,1569,50760,1.0,1.0,gt,gt_jitter,True
10589_1000603,3,1002,17,41,20,59,0,40,28.5,39.0,19.5,1569,37440,1.0,1.0,gt,gt_jitter,True
11456_1001480,1,1000,5,19,26,59,10,34,11.5,42.0,21.5,651,11088,1.0,1.0,gt,gt_jitter,True
11456_1001480,2,1001,4,21,21,56,10,40,12.0,38.0,24.5,651,17850,1.0,1.0,gt,gt_jitter,True
11456_1001480,3,1002,6,20,23,54,8,33,12.5,38.0,20.0,651,10850,1.0,1.0,gt,gt_jitter,True
10852_1000868,1,1000,51,65,18,48,40,59,57.5,32.5,49.0,762,7980,1.0,1.0,gt,gt_jitter,True
10852_1000868,2,1001,51,64,14,41,30,60,57.0,27.0,44.5,762,10530,1.0,1.0,gt,gt_jitter,True
10852_1000868,3,1002,48,68,10,44,37,70,57.5,26.5,53.0,762,22440,1.0,1.0,gt,gt_jitter,True
10463_1000471,1,1000,13,24,18,49,26,64,18.0,33.0,44.5,1620,12958,1.0,1.0,gt,gt_jitter,True
10463_1000471,2,1001,13,25,8,52,36,71,18.5,29.5,53.0,1620,18480,1.0,1.0,gt,gt_jitter,True
10463_1000471,3,1002,13,28,11,43,32,61,20.0,26.5,46.0,1620,13920,1.0,1.0,gt,gt_jitter,True
11122_1001145,1,1000,23,57,19,49,8,48,39.5,33.5,27.5,4350,40800,1.0,1.0,gt,gt_jitter,True
11122_1001145,2,1001,21,56,16,53,9,49,38.0,34.0,28.5,4350,51800,1.0,1.0,gt,gt_jitter,True
11122_1001145,3,1002,22,57,13,46,11,39,39.0,29.0,24.5,4350,32340,1.0,1.0,gt,gt_jitter,True
10032_1000032,1,1000,19,45,8,48,29,60,31.5,27.5,44.0,4215,32240,1.0,1.0,gt,gt_jitter,True
10032_1000032,2,1001,16,44,7,51,22,67,29.5,28.5,44.0,4215,55440,1.0,1.0,gt,gt_jitter,True
10032_1000032,3,1002,16,44,6,47,30,60,29.5,26.0,44.5,4215,34440,1.0,1.0,gt,gt_jitter,True
10232_1000236,1,1000,9,26,23,50,18,49,17.0,36.0,33.0,447,14229,1.0,1.0,gt,gt_jitter,True
10232_1000236,2,1001,12,27,31,46,17,42,19.0,38.0,29.0,447,5625,1.0,1.0,gt,gt_jitter,True
10232_1000236,3,1002,9,25,28,57,23,50,16.5,42.0,36.0,447,12528,1.0,1.0,gt,gt_jitter,True
11063_1001085,1,1000,21,36,16,44,28,64,28.0,29.5,45.5,930,15120,1.0,1.0,gt,gt_jitter,True
11063_1001085,2,1001,22,38,16,45,33,58,29.5,30.0,45.0,930,11600,1.0,1.0,gt,gt_jitter,True
11063_1001085,3,1002,19,37,12,40,33,60,27.5,25.5,46.0,930,13608,1.0,1.0,gt,gt_jitter,True
11095_1001118,1,1000,16,42,27,61,50,74,28.5,43.5,61.5,1438,21216,1.0,1.0,gt,gt_jitter,True
11095_1001118,2,1001,17,40,28,64,45,75,28.0,45.5,59.5,1438,24840,1.0,1.0,gt,gt_jitter,True
11095_1001118,3,1002,15,39,35,70,41,77,26.5,52.0,58.5,1438,30240,1.0,1.0,gt,gt_jitter,True
10103_1000103,1,1000,25,46,25,51,5,37,35.0,37.5,20.5,1083,17472,1.0,1.0,gt,gt_jitter,True
10103_1000103,2,1001,25,46,34,58,4,35,35.0,45.5,19.0,1083,15624,1.0,1.0,gt,gt_jitter,True
10103_1000103,3,1002,28,49,22,63,8,34,38.0,42.0,20.5,1083,22386,1.0,1.0,gt,gt_jitter,True
10312_1000318,1,1000,24,57,29,60,22,55,40.0,44.0,38.0,1479,33759,1.0,1.0,gt,gt_jitter,True
10312_1000318,2,1001,23,57,31,70,29,56,39.5,50.0,42.0,1479,35802,1.0,1.0,gt,gt_jitter,True
10312_1000318,3,1002,21,61,37,65,18,59,40.5,50.5,38.0,1479,45920,1.0,1.0,gt,gt_jitter,True
10012_1000012,1,1000,8,24,31,69,39,74,15.5,49.5,56.0,1062,21280,1.0,1.0,gt,gt_jitter,True
10012_1000012,2,1001,8,28,30,71,50,80,17.5,50.0,64.5,1062,24600,1.0,1.0,gt,gt_jitter,True
10012_1000012,3,1002,10,24,39,76,43,76,16.5,57.0,59.0,1062,17094,1.0,1.0,gt,gt_jitter,True
11446_1001470,1,1000,8,29,3,40,31,59,18.0,21.0,44.5,1221,21756,1.0,1.0,gt,gt_jitter,True
11446_1001470,2,1001,10,28,10,35,25,56,18.5,22.0,40.0,1221,13950,1.0,1.0,gt,gt_jitter,True
11446_1001470,3,1002,9,28,2,30,31,56,18.0,15.5,43.0,1221,13300,1.0,1.0,gt,gt_jitter,True
10948_1000967,1,1000,9,34,35,75,16,58,21.0,54.5,36.5,2115,42000,1.0,1.0,gt,gt_jitter,True
10948_1000967,2,1001,9,32,40,73,19,62,20.0,56.0,40.0,2115,32637,1.0,1.0,gt,gt_jitter,True
10948_1000967,3,1002,7,34,45,80,18,59,20.0,62.0,38.0,2115,38745,1.0,1.0,gt,gt_jitter,True
11115_1001138,1,1000,12,55,11,64,16,64,33.0,37.0,39.5,14862,109392,1.0,1.0,gt,gt_jitter,True
11115_1001138,2,1001,10,56,11,67,8,64,32.5,38.5,35.5,14862,144256,1.0,1.0,gt,gt_jitter,True
11115_1001138,3,1002,10,55,20,63,4,61,32.0,41.0,32.0,14862,110295,1.0,1.0,gt,gt_jitter,True
10318_1000324,1,1000,17,32,29,51,15,44,24.0,39.5,29.0,277,9570,1.0,1.0,gt,gt_jitter,True
10318_1000324,2,1001,19,33,37,51,19,42,25.5,43.5,30.0,277,4508,1.0,1.0,gt,gt_jitter,True
10318_1000324,3,1002,18,35,32,52,15,45,26.0,41.5,29.5,277,10200,1.0,1.0,gt,gt_jitter,True
10904_1000920,1,1000,10,49,4,54,16,75,29.0,28.5,45.0,10416,115050,1.0,1.0,gt,gt_jitter,True
10904_1000920,2,1001,10,45,10,59,26,72,27.0,34.0,48.5,10416,78890,1.0,1.0,gt,gt_jitter,True
10904_1000920,3,1002,6,49,13,54,27,67,27.0,33.0,46.5,10416,70520,1.0,1.0,gt,gt_jitter,True
10059_1000059,1,1000,27,57,16,61,34,77,41.5,38.0,55.0,8376,58050,1.0,1.0,gt,gt_jitter,True
10059_1000059,2,1001,24,57,8,62,24,81,40.0,34.5,52.0,8376,101574,1.0,1.0,gt,gt_jitter,True
10059_1000059,3,1002,25,59,6,59,28,70,41.5,32.0,48.5,8376,75684,1.0,1.0,gt,gt_jitter,True
11080_1001102,1,1000,8,30,42,61,39,72,18.5,51.0,55.0,807,13794,1.0,1.0,gt,gt_jitter,True
11080_1001102,2,1001,10,28,41,64,28,64,18.5,52.0,45.5,807,14904,1.0,1.0,gt,gt_jitter,True
11080_1001102,3,1002,9,27,35,67,29,67,17.5,50.5,47.5,807,21888,1.0,1.0,gt,gt_jitter,True
10772_1000788,1,1000,22,32,16,47,27,60,26.5,31.0,43.0,78,10230,1.0,1.0,gt,gt_jitter,True
10772_1000788,2,1001,24,34,24,37,39,55,28.5,30.0,46.5,78,2080,1.0,1.0,gt,gt_jitter,True
10772_1000788,3,1002,25,34,20,39,28,49,29.0,29.0,38.0,78,3591,1.0,1.0,gt,gt_jitter,True
11400_1001424,1,1000,5,25,13,45,12,51,14.5,28.5,31.0,784,24960,1.0,1.0,gt,gt_jitter,True
11400_1001424,2,1001,7,25,16,46,20,49,15.5,30.5,34.0,784,15660,1.0,1.0,gt,gt_jitter,True
11400_1001424,3,1002,8,22,8,44,10,45,14.5,25.5,27.0,784,17640,1.0,1.0,gt,gt_jitter,True
11072_1001094,1,1000,28,42,22,58,10,39,34.5,39.5,24.0,450,14616,1.0,1.0,gt,gt_jitter,True
11072_1001094,2,1001,27,40,29,59,10,36,33.0,43.5,22.5,450,10140,1.0,1.0,gt,gt_jitter,True
11072_1001094,3,1002,28,41,26,54,15,44,34.0,39.5,29.0,450,10556,1.0,1.0,gt,gt_jitter,True
11146_1001169,1,1000,23,41,25,52,2,36,31.5,38.0,18.5,558,16524,1.0,1.0,gt,gt_jitter,True
11146_1001169,2,1001,24,44,18,44,8,38,33.5,30.5,22.5,558,15600,1.0,1.0,gt,gt_jitter,True
11146_1001169,3,1002,25,43,29,46,6,33,33.5,37.0,19.0,558,8262,1.0,1.0,gt,gt_jitter,True
10526_1000536,1,1000,14,27,33,57,33,69,20.0,44.5,50.5,621,11232,1.0,1.0,gt,gt_jitter,True
10526_1000536,2,1001,14,31,29,58,33,78,22.0,43.0,55.0,621,22185,1.0,1.0,gt,gt_jitter,True
10526_1000536,3,1002,14,31,30,54,38,76,22.0,41.5,56.5,621,15504,1.0,1.0,gt,gt_jitter,True
10976_1000995,1,1000,10,28,19,50,24,62,18.5,34.0,42.5,1344,21204,1.0,1.0,gt,gt_jitter,True
10976_1000995,2,1001,6,26,12,42,22,63,15.5,26.5,42.0,1344,24600,1.0,1.0,gt,gt_jitter,True
10976_1000995,3,1002,7,28,14,54,28,57,17.0,33.5,42.0,1344,24360,1.0,1.0,gt,gt_jitter,True
10209_1000213,1,1000,31,46,14,33,11,41,38.0,23.0,25.5,236,8550,1.0,1.0,gt,gt_jitter,True
10209_1000213,2,1001,31,43,11,42,14,40,36.5,26.0,26.5,236,9672,1.0,1.0,gt,gt_jitter,True
10209_1000213,3,1002,34,43,10,30,5,40,38.0,19.5,22.0,236,6300,1.0,1.0,gt,gt_jitter,True
10742_1000758,1,1000,28,42,49,74,12,53,34.5,61.0,32.0,843,14350,1.0,1.0,gt,gt_jitter,True
10742_1000758,2,1001,28,44,49,73,22,47,35.5,60.5,34.0,843,9600,1.0,1.0,gt,gt_jitter,True
10742_1000758,3,1002,28,42,42,80,15,46,34.5,60.5,30.0,843,16492,1.0,1.0,gt,gt_jitter,True
11169_1001192,1,1000,31,45,11,39,32,71,37.5,24.5,51.0,882,15288,1.0,1.0,gt,gt_jitter,True
11169_1001192,2,1001,28,45,13,47,31,68,36.0,29.5,49.0,882,21386,1.0,1.0,gt,gt_jitter,True
11169_1001192,3,1002,30,49,6,48,38,69,39.0,26.5,53.0,882,24738,1.0,1.0,gt,gt_jitter,True
10233_1000237,1,1000,4,53,7,50,15,74,28.0,28.0,44.0,24955,124313,1.0,1.0,gt,gt_jitter,True
10233_1000237,2,1001,4,51,4,56,16,75,27.0,29.5,45.0,24955,144196,1.0,1.0,gt,gt_jitter,True
10233_1000237,3,1002,4,53,4,58,13,70,28.0,30.5,41.0,24955,150822,1.0,1.0,gt,gt_jitter,True
10164_1000167,1,1000,20,47,42,57,11,38,33.0,49.0,24.0,411,10935,1.0,1.0,gt,gt_jitter,True
10164_1000167,2,1001,18,46,32,53,17,35,31.5,42.0,25.5,411,10584,1.0,1.0,gt,gt_jitter,True
10164_1000167,3,1002,20,48,40,57,10,46,33.5,48.0,27.5,411,17136,1.0,1.0,gt,gt_jitter,True
10768_1000784,1,1000,10,36,26,53,8,41,22.5,39.0,24.0,1053,23166,1.0,1.0,gt,gt_jitter,True
10768_1000784,2,1001,10,34,28,64,14,41,21.5,45.5,27.0,1053,23328,1.0,1.0,gt,gt_jitter,True
10768_1000784,3,1002,7,35,33,64,15,51,20.5,48.0,32.5,1053,31248,1.0,1.0,gt,gt_jitter,True
11462_1001486,1,1000,12,25,37,52,16,37,18.0,44.0,26.0,246,4095,1.0,1.0,gt,gt_jitter,True
11462_1001486,2,1001,16,24,31,54,13,43,19.5,42.0,27.5,246,5520,1.0,1.0,gt,gt_jitter,True
11462_1001486,3,1002,13,28,33,58,20,44,20.0,45.0,31.5,246,9000,1.0,1.0,gt,gt_jitter,True
10442_1000450,1,1000,15,37,12,54,35,80,25.5,32.5,57.0,3255,41580,1.0,1.0,gt,gt_jitter,True
10442_1000450,2,1001,15,40,14,56,25,76,27.0,34.5,50.0,3255,53550,1.0,1.0,gt,gt_jitter,True
10442_1000450,3,1002,12,36,12,46,29,77,23.5,28.5,52.5,3255,39168,1.0,1.0,gt,gt_jitter,True
10665_1000681,1,1000,12,46,43,69,9,54,28.5,55.5,31.0,2430,39780,1.0,1.0,gt,gt_jitter,True
10665_1000681,2,1001,9,44,37,67,13,48,26.0,51.5,30.0,2430,36750,1.0,1.0,gt,gt_jitter,True
10665_1000681,3,1002,9,45,34,73,7,49,26.5,53.0,27.5,2430,58968,1.0,1.0,gt,gt_jitter,True
10568_1000580,1,1000,25,52,17,50,16,45,38.0,33.0,30.0,2640,25839,1.0,1.0,gt,gt_jitter,True
10568_1000580,2,1001,24,55,17,43,15,44,39.0,29.5,29.0,2640,23374,1.0,1.0,gt,gt_jitter,True
10568_1000580,3,1002,23,53,14,47,5,49,37.5,30.0,26.5,2640,43560,1.0,1.0,gt,gt_jitter,True
10638_1000654,1,1000,13,50,6,67,32,75,31.0,36.0,53.0,8547,97051,1.0,1.0,gt,gt_jitter,True
10638_1000654,2,1001,11,50,14,60,43,69,30.0,36.5,55.5,8547,46644,1.0,1.0,gt,gt_jitter,True
10638_1000654,3,1002,12,50,6,57,40,77,30.5,31.0,58.0,8547,71706,1.0,1.0,gt,gt_jitter,True
10212_1000216,1,1000,18,32,25,60,1,35,24.5,42.0,17.5,761,16660,1.0,1.0,gt,gt_jitter,True
10212_1000216,2,1001,17,36,21,54,10,29,26.0,37.0,19.0,761,11913,1.0,1.0,gt,gt_jitter,True
10212_1000216,3,1002,19,36,27,56,10,39,27.0,41.0,24.0,761,14297,1.0,1.0,gt,gt_jitter,True
10329_1000335,1,1000,7,31,14,61,30,68,18.5,37.0,48.5,2541,42864,1.0,1.0,gt,gt_jitter,True
10329_1000335,2,1001,6,32,12,57,33,65,18.5,34.0,48.5,2541,37440,1.0,1.0,gt,gt_jitter,True
10329_1000335,3,1002,6,32,21,65,37,61,18.5,42.5,48.5,2541,27456,1.0,1.0,gt,gt_jitter,True
11055_1001076,1,1000,20,47,36,66,31,69,33.0,50.5,49.5,1086,30780,1.0,1.0,gt,gt_jitter,True
11055_1001076,2,1001,18,48,34,61,33,65,32.5,47.0,48.5,1086,25920,1.0,1.0,gt,gt_jitter,True
11055_1001076,3,1002,20,48,32,57,32,65,33.5,44.0,48.0,1086,23100,1.0,1.0,gt,gt_jitter,True
10171_1000174,1,1000,30,48,30,62,8,41,38.5,45.5,24.0,267,19008,1.0,1.0,gt,gt_jitter,True
10171_1000174,2,1001,32,46,36,54,7,42,38.5,44.5,24.0,267,8820,1.0,1.0,gt,gt_jitter,True
10171_1000174,3,1002,33,45,32,55,11,33,38.5,43.0,21.5,267,6072,1.0,1.0,gt,gt_jitter,True
10548_1000560,1,1000,25,41,19,56,14,41,32.5,37.0,27.0,423,15984,1.0,1.0,gt,gt_jitter,True
10548_1000560,2,1001,24,42,27,47,14,36,32.5,36.5,24.5,423,7920,1.0,1.0,gt,gt_jitter,True
10548_1000560,3,1002,27,41,27,46,10,35,33.5,36.0,22.0,423,6650,1.0,1.0,gt,gt_jitter,True
11190_1001213,1,1000,4,25,17,48,43,78,14.0,32.0,60.0,1812,22785,1.0,1.0,gt,gt_jitter,True
11190_1001213,2,1001,7,27,14,47,39,77,16.5,30.0,57.5,1812,25080,1.0,1.0,gt,gt_jitter,True
11190_1001213,3,1002,4,27,20,56,35,81,15.0,37.5,57.5,1812,38088,1.0,1.0,gt,gt_jitter,True
10807_1000823,1,1000,22,47,39,76,6,41,34.0,57.0,23.0,1659,32375,1.0,1.0,gt,gt_jitter,True
10807_1000823,2,1001,22,46,36,68,6,44,33.5,51.5,24.5,1659,29184,1.0,1.0,gt,gt_jitter,True
10807_1000823,3,1002,22,46,43,69,14,47,33.5,55.5,30.0,1659,20592,1.0,1.0,gt,gt_jitter,True
10431_1000439,1,1000,15,37,17,53,44,69,25.5,34.5,56.0,1845,19800,1.0,1.0,gt,gt_jitter,True
10431_1000439,2,1001,15,38,24,53,51,72,26.0,38.0,61.0,1845,14007,1.0,1.0,gt,gt_jitter,True
10431_1000439,3,1002,19,37,22,59,40,80,27.5,40.0,59.5,1845,26640,1.0,1.0,gt,gt_jitter,True
10434_1000442,1,1000,13,32,13,41,31,69,22.0,26.5,49.5,522,20216,1.0,1.0,gt,gt_jitter,True
10434_1000442,2,1001,15,34,11,40,36,69,24.0,25.0,52.0,522,18183,1.0,1.0,gt,gt_jitter,True
10434_1000442,3,1002,16,34,11,43,35,63,24.5,26.5,48.5,522,16128,1.0,1.0,gt,gt_jitter,True
10434_1000442,4,2000,24,39,17,40,40,72,31.0,28.0,55.5,1455,11040,1.0,1.0,gt,gt_jitter,True
10434_1000442,5,2001,23,41,14,45,38,73,31.5,29.0,55.0,1455,19530,1.0,1.0,gt,gt_jitter,True
10434_1000442,6,2002,24,41,16,50,45,67,32.0,32.5,55.5,1455,12716,1.0,1.0,gt,gt_jitter,True
10338_1000344,1,1000,30,49,48,85,49,90,39.0,66.0,69.0,606,28823,1.0,1.0,gt,gt_jitter,True
10338_1000344,2,1001,30,52,54,86,50,90,40.5,69.5,69.5,606,28160,1.0,1.0,gt,gt_jitter,True
10338_1000344,3,1002,27,49,47,80,58,82,37.5,63.0,69.5,606,17424,1.0,1.0,gt,gt_jitter,True
11165_1001188,1,1000,7,30,14,49,21,57,18.0,31.0,38.5,2595,28980,1.0,1.0,gt,gt_jitter,True
11165_1001188,2,1001,7,29,13,40,18,55,17.5,26.0,36.0,2595,21978,1.0,1.0,gt,gt_jitter,True
11165_1001188,3,1002,4,27,15,37,24,65,15.0,25.5,44.0,2595,20746,1.0,1.0,gt,gt_jitter,True
11194_1001217,1,1000,21,47,2,41,24,75,33.5,21.0,49.0,3027,51714,1.0,1.0,gt,gt_jitter,True
11194_1001217,2,1001,21,45,11,33,26,77,32.5,21.5,51.0,3027,26928,1.0,1.0,gt,gt_jitter,True
11194_1001217,3,1002,22,46,13,42,34,68,33.5,27.0,50.5,3027,23664,1.0,1.0,gt,gt_jitter,True
10781_1000797,1,1000,25,42,35,63,6,34,33.0,48.5,19.5,537,13328,1.0,1.0,gt,gt_jitter,True
10781_1000797,2,1001,28,40,27,65,8,34,33.5,45.5,20.5,537,11856,1.0,1.0,gt,gt_jitter,True
10781_1000797,3,1002,24,41,35,58,10,34,32.0,46.0,21.5,537,9384,1.0,1.0,gt,gt_jitter,True
10658_1000674,1,1000,21,45,32,62,15,53,32.5,46.5,33.5,2022,27360,1.0,1.0,gt,gt_jitter,True
10658_1000674,2,1001,21,46,35,54,16,49,33.0,44.0,32.0,2022,15675,1.0,1.0,gt,gt_jitter,True
10658_1000674,3,1002,20,44,29,64,19,49,31.5,46.0,33.5,2022,25200,1.0,1.0,gt,gt_jitter,True
10482_1000490,1,1000,25,40,31,58,3,33,32.0,44.0,17.5,753,12150,1.0,1.0,gt,gt_jitter,True
10482_1000490,2,1001,27,39,21,57,0,32,32.5,38.5,15.5,753,13824,1.0,1.0,gt,gt_jitter,True
10482_1000490,3,1002,24,40,23,54,0,25,31.5,38.0,12.0,753,12400,1.0,1.0,gt,gt_jitter,True
10943_1000962,1,1000,17,44,44,70,43,76,30.0,56.5,59.0,1158,23166,1.0,1.0,gt,gt_jitter,True
10943_1000962,2,1001,17,45,48,72,35,77,30.5,59.5,55.5,1158,28224,1.0,1.0,gt,gt_jitter,True
10943_1000962,3,1002,15,44,47,69,37,77,29.0,57.5,56.5,1158,25520,1.0,1.0,gt,gt_jitter,True
10350_1000356,1,1000,3,22,19,46,8,49,12.0,32.0,28.0,1491,21033,1.0,1.0,gt,gt_jitter,True
10350_1000356,2,1001,7,21,12,43,8,42,13.5,27.0,24.5,1491,14756,1.0,1.0,gt,gt_jitter,True
10350_1000356,3,1002,3,21,12,43,10,43,11.5,27.0,26.0,1491,18414,1.0,1.0,gt,gt_jitter,True
10358_1000364,1,1000,1,28,5,48,20,55,14.0,26.0,37.0,1650,40635,1.0,1.0,gt,gt_jitter,True
10358_1000364,2,1001,4,26,10,40,14,48,14.5,24.5,30.5,1650,22440,1.0,1.0,gt,gt_jitter,True
10358_1000364,3,1002,2,25,3,49,19,50,13.0,25.5,34.0,1650,32798,1.0,1.0,gt,gt_jitter,True
10225_1000229,1,1000,10,24,32,62,16,40,16.5,46.5,27.5,354,10080,1.0,1.0,gt,gt_jitter,True
10225_1000229,2,1001,7,23,28,53,18,43,14.5,40.0,30.0,354,10000,1.0,1.0,gt,gt_jitter,True
10225_1000229,3,1002,8,26,29,53,13,46,16.5,40.5,29.0,354,14256,1.0,1.0,gt,gt_jitter,True
10236_1000240,1,1000,15,43,5,55,11,58,28.5,29.5,34.0,7020,65800,1.0,1.0,gt,gt_jitter,True
10236_1000240,2,1001,14,39,13,55,18,59,26.0,33.5,38.0,7020,43050,1.0,1.0,gt,gt_jitter,True
10236_1000240,3,1002,12,42,8,53,18,57,26.5,30.0,37.0,7020,52650,1.0,1.0,gt,gt_jitter,True
10895_1000911,1,1000,0,18,26,61,24,60,8.5,43.0,41.5,609,22680,1.0,1.0,gt,gt_jitter,True
10895_1000911,2,1001,4,17,24,60,25,57,10.0,41.5,40.5,609,14976,1.0,1.0,gt,gt_jitter,True
10895_1000911,3,1002,4,18,24,59,25,60,10.5,41.0,42.0,609,17150,1.0,1.0,gt,gt_jitter,True
10268_1000272,1,1000,9,25,14,41,39,69,16.5,27.0,53.5,1929,12960,1.0,1.0,gt,gt_jitter,True
10268_1000272,2,1001,7,26,17,46,33,73,16.0,31.0,52.5,1929,22040,1.0,1.0,gt,gt_jitter,True
10268_1000272,3,1002,10,25,19,50,39,77,17.0,34.0,57.5,1929,17670,1.0,1.0,gt,gt_jitter,True
10268_1000272,4,2000,33,49,19,53,52,84,40.5,35.5,67.5,1020,17408,1.0,1.0,gt,gt_jitter,True
10268_1000272,5,2001,31,50,19,46,53,86,40.0,32.0,69.0,1020,16929,1.0,1.0,gt,gt_jitter,True
10268_1000272,6,2002,32,52,9,53,59,87,41.5,30.5,72.5,1020,24640,1.0,1.0,gt,gt_jitter,True
10567_1000579,1,1000,21,40,16,43,42,69,30.0,29.0,55.0,393,13851,1.0,1.0,gt,gt_jitter,True
10567_1000579,2,1001,24,38,11,51,40,62,30.5,30.5,50.5,393,12320,1.0,1.0,gt,gt_jitter,True
10567_1000579,3,1002,23,38,19,50,39,64,30.0,34.0,51.0,393,11625,1.0,1.0,gt,gt_jitter,True
11229_1001252,1,1000,5,18,18,41,20,56,11.0,29.0,37.5,486,10764,1.0,1.0,gt,gt_jitter,True
11229_1001252,2,1001,5,19,21,40,16,54,11.5,30.0,34.5,486,10108,1.0,1.0,gt,gt_jitter,True
11229_1001252,3,1002,4,16,14,44,16,52,9.5,28.5,33.5,486,12960,1.0,1.0,gt,gt_jitter,True
10797_1000813,1,1000,25,52,17,42,36,65,38.0,29.0,50.0,1713,19575,1.0,1.0,gt,gt_jitter,True
10797_1000813,2,1001,25,51,9,49,38,69,37.5,28.5,53.0,1713,32240,1.0,1.0,gt,gt_jitter,True
10797_1000813,3,1002,23,48,10,46,41,74,35.0,27.5,57.0,1713,29700,1.0,1.0,gt,gt_jitter,True
10340_1000346,1,1000,12,33,21,44,31,69,22.0,32.0,49.5,1548,18354,1.0,1.0,gt,gt_jitter,True
10340_1000346,2,1001,13,33,15,48,33,60,22.5,31.0,46.0,1548,17820,1.0,1.0,gt,gt_jitter,True
10340_1000346,3,1002,11,37,13,48,35,68,23.5,30.0,51.0,1548,30030,1.0,1.0,gt,gt_jitter,True
10554_1000566,1,1000,16,31,20,56,10,47,23.0,37.5,28.0,1023,19980,1.0,1.0,gt,gt_jitter,True
10554_1000566,2,1001,18,31,23,52,10,37,24.0,37.0,23.0,1023,10179,1.0,1.0,gt,gt_jitter,True
10554_1000566,3,1002,16,34,18,59,6,45,24.5,38.0,25.0,1023,28782,1.0,1.0,gt,gt_jitter,True
10554_1000566,4,2000,16,36,33,55,25,61,25.5,43.5,42.5,927,15840,1.0,1.0,gt,gt_jitter,True
10554_1000566,5,2001,15,35,21,57,28,57,24.5,38.5,42.0,927,20880,1.0,1.0,gt,gt_jitter,True
10554_1000566,6,2002,15,37,31,59,24,59,25.5,44.5,41.0,927,21560,1.0,1.0,gt,gt_jitter,True
10560_1000572,1,1000,15,37,3,37,32,74,25.5,19.5,52.5,1070,31416,1.0,1.0,gt,gt_jitter,True
10560_1000572,2,1001,11,39,10,47,39,66,24.5,28.0,52.0,1070,27972,1.0,1.0,gt,gt_jitter,True
10560_1000572,3,1002,15,35,5,38,30,63,24.5,21.0,46.0,1070,21780,1.0,1.0,gt,gt_jitter,True
10965_1000984,1,1000,0,60,38,76,4,70,29.5,56.5,36.5,10527,150480,1.0,1.0,gt,gt_jitter,True
10965_1000984,2,1001,0,60,34,77,10,68,29.5,55.0,38.5,10527,149640,1.0,1.0,gt,gt_jitter,True
10965_1000984,3,1002,3,61,35,86,4,66,31.5,60.0,34.5,10527,183396,1.0,1.0,gt,gt_jitter,True
10833_1000849,1,1000,14,37,4,36,35,68,25.0,19.5,51.0,876,24288,1.0,1.0,gt,gt_jitter,True
10833_1000849,2,1001,16,36,6,33,39,66,25.5,19.0,52.0,876,14580,1.0,1.0,gt,gt_jitter,True
10833_1000849,3,1002,12,35,1,30,35,72,23.0,15.0,53.0,876,24679,1.0,1.0,gt,gt_jitter,True
11306_1001329,1,1000,6,19,14,41,31,58,12.0,27.0,44.0,609,9477,1.0,1.0,gt,gt_jitter,True
11306_1001329,2,1001,6,22,17,44,34,63,13.5,30.0,48.0,609,12528,1.0,1.0,gt,gt_jitter,True
11306_1001329,3,1002,6,22,20,41,33,64,13.5,30.0,48.0,609,10416,1.0,1.0,gt,gt_jitter,True
10810_1000826,1,1000,31,44,34,51,11,40,37.0,42.0,25.0,281,6409,1.0,1.0,gt,gt_jitter,True
10810_1000826,2,1001,33,47,26,52,18,39,39.5,38.5,28.0,281,7644,1.0,1.0,gt,gt_jitter,True
10810_1000826,3,1002,31,44,29,56,9,40,37.0,42.0,24.0,281,10881,1.0,1.0,gt,gt_jitter,True
10921_1000938,1,1000,8,21,22,59,30,47,14.0,40.0,38.0,378,8177,1.0,1.0,gt,gt_jitter,True
10921_1000938,2,1001,7,21,28,59,25,54,13.5,43.0,39.0,378,12586,1.0,1.0,gt,gt_jitter,True
10921_1000938,3,1002,9,18,29,56,18,51,13.0,42.0,34.0,378,8019,1.0,1.0,gt,gt_jitter,True
10961_1000980,1,1000,11,21,62,75,12,45,15.5,68.0,28.0,294,4290,1.0,1.0,gt,gt_jitter,True
10961_1000980,2,1001,13,24,60,76,18,50,18.0,67.5,33.5,294,5632,1.0,1.0,gt,gt_jitter,True
10961_1000980,3,1002,11,23,50,82,20,46,16.5,65.5,32.5,294,9984,1.0,1.0,gt,gt_jitter,True
10718_1000734,1,1000,8,23,19,57,25,69,15.0,37.5,46.5,1248,25080,1.0,1.0,gt,gt_jitter,True
10718_1000734,2,1001,10,23,30,55,24,64,16.0,42.0,43.5,1248,13000,1.0,1.0,gt,gt_jitter,True
10718_1000734,3,1002,10,24,19,49,21,63,16.5,33.5,41.5,1248,17640,1.0,1.0,gt,gt_jitter,True
11444_1001468,1,1000,24,38,26,55,6,30,30.5,40.0,17.5,246,9744,1.0,1.0,gt,gt_jitter,True
11444_1001468,2,1001,23,38,32,56,8,29,30.0,43.5,18.0,246,7560,1.0,1.0,gt,gt_jitter,True
11444_1001468,3,1002,23,36,25,46,3,25,29.0,35.0,13.5,246,6006,1.0,1.0,gt,gt_jitter,True
11450_1001474,1,1000,11,30,29,52,24,65,20.0,40.0,44.0,609,17917,1.0,1.0,gt,gt_jitter,True
11450_1001474,2,1001,11,33,30,47,22,62,21.5,38.0,41.5,609,14960,1.0,1.0,gt,gt_jitter,True
11450_1001474,3,1002,13,30,22,59,32,57,21.0,40.0,44.0,609,15725,1.0,1.0,gt,gt_jitter,True
10668_1000684,1,1000,11,51,11,50,29,65,30.5,30.0,46.5,1857,56160,1.0,1.0,gt,gt_jitter,True
10668_1000684,2,1001,10,50,12,55,25,59,29.5,33.0,41.5,1857,58480,1.0,1.0,gt,gt_jitter,True
10668_1000684,3,1002,10,52,21,52,26,66,30.5,36.0,45.5,1857,52080,1.0,1.0,gt,gt_jitter,True
10044_1000044,1,1000,29,46,26,60,16,40,37.0,42.5,27.5,594,13872,1.0,1.0,gt,gt_jitter,True
10044_1000044,2,1001,30,43,26,51,14,41,36.0,38.0,27.0,594,8775,1.0,1.0,gt,gt_jitter,True
10044_1000044,3,1002,30,44,31,60,6,50,36.5,45.0,27.5,594,17864,1.0,1.0,gt,gt_jitter,True
10418_1000426,1,1000,0,26,18,69,16,52,12.5,43.0,33.5,3840,47736,1.0,1.0,gt,gt_jitter,True
10418_1000426,2,1001,2,28,18,63,11,47,14.5,40.0,28.5,3840,42120,1.0,1.0,gt,gt_jitter,True
10418_1000426,3,1002,3,28,16,64,19,46,15.0,39.5,32.0,3840,32400,1.0,1.0,gt,gt_jitter,True
10932_1000949,1,1000,34,49,32,61,16,38,41.0,46.0,26.5,129,9570,1.0,1.0,gt,gt_jitter,True
10932_1000949,2,1001,35,48,39,52,5,31,41.0,45.0,17.5,129,4394,1.0,1.0,gt,gt_jitter,True
10932_1000949,3,1002,36,47,28,56,7,33,41.0,41.5,19.5,129,8008,1.0,1.0,gt,gt_jitter,True
10611_1000625,1,1000,14,63,4,67,14,73,38.0,35.0,43.0,23991,182133,1.0,1.0,gt,gt_jitter,True
10611_1000625,2,1001,16,61,4,66,12,65,38.0,34.5,38.0,23991,147870,1.0,1.0,gt,gt_jitter,True
10611_1000625,3,1002,14,60,5,73,18,69,36.5,38.5,43.0,23991,159528,1.0,1.0,gt,gt_jitter,True
11208_1001231,1,1000,12,46,8,52,7,44,28.5,29.5,25.0,3744,55352,1.0,1.0,gt,gt_jitter,True
11208_1001231,2,1001,12,45,19,47,0,39,28.0,32.5,19.0,3744,36036,1.0,1.0,gt,gt_jitter,True
11208_1001231,3,1002,13,48,18,46,3,37,30.0,31.5,19.5,3744,33320,1.0,1.0,gt,gt_jitter,True
10865_1000881,1,1000,36,48,21,59,22,47,41.5,39.5,34.0,1164,11400,1.0,1.0,gt,gt_jitter,True
10865_1000881,2,1001,36,52,10,54,18,54,43.5,31.5,35.5,1164,25344,1.0,1.0,gt,gt_jitter,True
10865_1000881,3,1002,37,50,17,57,16,47,43.0,36.5,31.0,1164,16120,1.0,1.0,gt,gt_jitter,True
10283_1000289,1,1000,26,52,65,96,6,38,38.5,80.0,21.5,624,25792,1.0,1.0,gt,gt_jitter,True
10283_1000289,2,1001,26,48,64,96,9,45,36.5,79.5,26.5,624,25344,1.0,1.0,gt,gt_jitter,True
10283_1000289,3,1002,27,48,68,87,15,46,37.0,77.0,30.0,624,12369,1.0,1.0,gt,gt_jitter,True
10688_1000704,1,1000,3,18,16,47,24,50,10.0,31.0,36.5,351,12090,1.0,1.0,gt,gt_jitter,True
10688_1000704,2,1001,7,17,21,43,23,44,11.5,31.5,33.0,351,4620,1.0,1.0,gt,gt_jitter,True
10688_1000704,3,1002,6,16,23,42,21,38,10.5,32.0,29.0,351,3230,1.0,1.0,gt,gt_jitter,True
10688_1000704,4,2000,6,19,28,55,42,64,12.0,41.0,52.5,339,7722,1.0,1.0,gt,gt_jitter,True
10688_1000704,5,2001,7,20,29,54,41,71,13.0,41.0,55.5,339,9750,1.0,1.0,gt,gt_jitter,True
10688_1000704,6,2002,9,21,28,56,40,73,14.5,41.5,56.0,339,11088,1.0,1.0,gt,gt_jitter,True
10688_1000704,7,3000,9,24,40,62,21,47,16.0,50.5,33.5,582,8580,1.0,1.0,gt,gt_jitter,True
10688_1000704,8,3001,12,25,31,56,24,42,18.0,43.0,32.5,582,5850,1.0,1.0,gt,gt_jitter,True
10688_1000704,9,3002,11,26,31,61,14,42,18.0,45.5,27.5,582,12600,1.0,1.0,gt,gt_jitter,True
10078_1000078,1,1000,21,37,50,79,4,26,28.5,64.0,14.5,270,10208,1.0,1.0,gt,gt_jitter,True
10078_1000078,2,1001,24,37,49,67,2,36,30.0,57.5,18.5,270,7956,1.0,1.0,gt,gt_jitter,True
10078_1000078,3,1002,23,37,49,67,10,33,29.5,57.5,21.0,270,5796,1.0,1.0,gt,gt_jitter,True
10837_1000853,1,1000,18,37,29,67,7,57,27.0,47.5,31.5,1074,36100,1.0,1.0,gt,gt_jitter,True
10837_1000853,2,1001,15,35,37,57,4,56,24.5,46.5,29.5,1074,20800,1.0,1.0,gt,gt_jitter,True
10837_1000853,3,1002,15,36,39,63,10,50,25.0,50.5,29.5,1074,20160,1.0,1.0,gt,gt_jitter,True
10837_1000853,4,2000,24,38,35,55,40,73,30.5,44.5,56.0,549,9240,1.0,1.0,gt,gt_jitter,True
10837_1000853,5,2001,24,36,38,63,34,75,29.5,50.0,54.0,549,12300,1.0,1.0,gt,gt_jitter,True
10837_1000853,6,2002,23,38,38,60,39,68,30.0,48.5,53.0,549,9570,1.0,1.0,gt,gt_jitter,True
10911_1000928,1,1000,25,49,16,60,31,69,36.5,37.5,49.5,1923,40128,1.0,1.0,gt,gt_jitter,True
10911_1000928,2,1001,25,45,19,53,40,71,34.5,35.5,55.0,1923,21080,1.0,1.0,gt,gt_jitter,True
10911_1000928,3,1002,23,49,21,60,32,67,35.5,40.0,49.0,1923,35490,1.0,1.0,gt,gt_jitter,True
10522_1000532,1,1000,10,73,10,77,0,75,41.0,43.0,37.0,40539,316575,1.0,1.0,gt,gt_jitter,True
10522_1000532,2,1001,9,73,9,77,1,76,40.5,42.5,38.0,40539,326400,1.0,1.0,gt,gt_jitter,True
10522_1000532,3,1002,6,73,3,77,3,76,39.0,39.5,39.0,40539,361934,1.0,1.0,gt,gt_jitter,True
11305_1001328,1,1000,18,39,32,56,8,42,28.0,43.5,24.5,715,17136,1.0,1.0,gt,gt_jitter,True
11305_1001328,2,1001,20,40,31,55,5,40,29.5,42.5,22.0,715,16800,1.0,1.0,gt,gt_jitter,True
11305_1001328,3,1002,19,42,28,58,6,38,30.0,42.5,21.5,715,22080,1.0,1.0,gt,gt_jitter,True
10670_1000686,1,1000,9,40,9,43,8,60,24.0,25.5,33.5,4449,54808,1.0,1.0,gt,gt_jitter,True
10670_1000686,2,1001,9,38,10,49,7,58,23.0,29.0,32.0,4449,57681,1.0,1.0,gt,gt_jitter,True
10670_1000686,3,1002,9,36,4,48,12,56,22.0,25.5,33.5,4449,52272,1.0,1.0,gt,gt_jitter,True
10857_1000873,1,1000,13,24,30,53,33,67,18.0,41.0,49.5,144,8602,1.0,1.0,gt,gt_jitter,True
10857_1000873,2,1001,12,24,34,55,36,60,17.5,44.0,47.5,144,6048,1.0,1.0,gt,gt_jitter,True
10857_1000873,3,1002,13,26,35,57,38,65,19.0,45.5,51.0,144,7722,1.0,1.0,gt,gt_jitter,True
10686_1000702,1,1000,7,43,7,55,10,64,24.5,30.5,36.5,14142,93312,1.0,1.0,gt,gt_jitter,True
10686_1000702,2,1001,7,43,6,63,11,58,24.5,34.0,34.0,14142,96444,1.0,1.0,gt,gt_jitter,True
10686_1000702,3,1002,8,42,7,58,6,62,24.5,32.0,33.5,14142,97104,1.0,1.0,gt,gt_jitter,True
11302_1001325,1,1000,9,73,25,95,0,71,40.5,59.5,35.0,57061,318080,1.0,1.0,gt,gt_jitter,True
11302_1001325,2,1001,12,74,18,92,0,67,42.5,54.5,33.0,57061,307396,1.0,1.0,gt,gt_jitter,True
11302_1001325,3,1002,11,74,25,89,9,72,42.0,56.5,40.0,57061,254016,1.0,1.0,gt,gt_jitter,True
10540_1000551,1,1000,12,66,3,66,12,69,38.5,34.0,40.0,22251,193914,1.0,1.0,gt,gt_jitter,True
10540_1000551,2,1001,10,66,14,63,5,66,37.5,38.0,35.0,22251,167384,1.0,1.0,gt,gt_jitter,True
10540_1000551,3,1002,13,67,12,66,8,65,39.5,38.5,36.0,22251,166212,1.0,1.0,gt,gt_jitter,True
10970_1000989,1,1000,10,37,17,52,11,40,23.0,34.0,25.0,1821,27405,1.0,1.0,gt,gt_jitter,True
10970_1000989,2,1001,10,35,17,47,8,41,22.0,31.5,24.0,1821,24750,1.0,1.0,gt,gt_jitter,True
10970_1000989,3,1002,12,34,6,52,4,40,22.5,28.5,21.5,1821,36432,1.0,1.0,gt,gt_jitter,True
10804_1000820,1,1000,27,57,19,63,34,72,41.5,40.5,52.5,3921,50160,1.0,1.0,gt,gt_jitter,True
10804_1000820,2,1001,27,57,19,65,31,74,41.5,41.5,52.0,3921,59340,1.0,1.0,gt,gt_jitter,True
10804_1000820,3,1002,27,57,20,53,37,80,41.5,36.0,58.0,3921,42570,1.0,1.0,gt,gt_jitter,True
10806_1000822,1,1000,16,34,26,56,42,68,24.5,40.5,54.5,699,14040,1.0,1.0,gt,gt_jitter,True
10806_1000822,2,1001,14,35,16,62,51,73,24.0,38.5,61.5,699,21252,1.0,1.0,gt,gt_jitter,True
10806_1000822,3,1002,16,37,28,53,53,73,26.0,40.0,62.5,699,10500,1.0,1.0,gt,gt_jitter,True
10584_1000598,1,1000,12,34,24,56,13,60,22.5,39.5,36.0,2232,33088,1.0,1.0,gt,gt_jitter,True
10584_1000598,2,1001,11,34,33,56,16,63,22.0,44.0,39.0,2232,24863,1.0,1.0,gt,gt_jitter,True
10584_1000598,3,1002,13,34,24,53,21,60,23.0,38.0,40.0,2232,23751,1.0,1.0,gt,gt_jitter,True
10808_1000824,1,1000,15,33,38,68,14,48,23.5,52.5,30.5,780,18360,1.0,1.0,gt,gt_jitter,True
10808_1000824,2,1001,18,36,39,65,13,54,26.5,51.5,33.0,780,19188,1.0,1.0,gt,gt_jitter,True
10808_1000824,3,1002,16,34,39,67,12,50,24.5,52.5,30.5,780,19152,1.0,1.0,gt,gt_jitter,True
10490_1000499,1,1000,10,42,8,44,18,47,25.5,25.5,32.0,1071,33408,1.0,1.0,gt,gt_jitter,True
10490_1000499,2,1001,9,43,3,45,13,45,25.5,23.5,28.5,1071,45696,1.0,1.0,gt,gt_jitter,True
10490_1000499,3,1002,9,43,8,42,19,43,25.5,24.5,30.5,1071,27744,1.0,1.0,gt,gt_jitter,True
11240_1001263,1,1000,8,23,16,41,39,66,15.0,28.0,52.0,768,10125,1.0,1.0,gt,gt_jitter,True
11240_1001263,2,1001,9,24,13,41,30,73,16.0,26.5,51.0,768,18060,1.0,1.0,gt,gt_jitter,True
11240_1001263,3,1002,10,25,11,47,28,72,17.0,28.5,49.5,768,23760,1.0,1.0,gt,gt_jitter,True
10630_1000645,1,1000,5,63,14,77,21,76,33.5,45.0,48.0,28761,200970,1.0,1.0,gt,gt_jitter,True
10630_1000645,2,1001,5,60,7,71,25,78,32.0,38.5,51.0,28761,186560,1.0,1.0,gt,gt_jitter,True
10630_1000645,3,1002,6,60,11,72,19,72,32.5,41.0,45.0,28761,174582,1.0,1.0,gt,gt_jitter,True
10631_1000646,1,1000,36,52,20,60,10,63,43.5,39.5,36.0,1647,33920,1.0,1.0,gt,gt_jitter,True
10631_1000646,2,1001,40,48,22,60,11,66,43.5,40.5,38.0,1647,16720,1.0,1.0,gt,gt_jitter,True
10631_1000646,3,1002,40,48,17,60,10,65,43.5,38.0,37.0,1647,18920,1.0,1.0,gt,gt_jitter,True
10635_1000651,1,1000,28,34,25,47,53,68,30.5,35.5,60.0,114,1980,1.0,1.0,gt,gt_jitter,True
10635_1000651,2,1001,25,34,24,43,48,64,29.0,33.0,55.5,114,2736,1.0,1.0,gt,gt_jitter,True
10635_1000651,3,1002,25,34,23,51,48,76,29.0,36.5,61.5,114,7056,1.0,1.0,gt,gt_jitter,True
11361_1001384,1,1000,14,43,3,49,26,59,28.0,25.5,42.0,4063,44022,1.0,1.0,gt,gt_jitter,True
11361_1001384,2,1001,17,40,3,53,16,62,28.0,27.5,38.5,4063,52900,1.0,1.0,gt,gt_jitter,True
11361_1001384,3,1002,16,43,9,54,18,58,29.0,31.0,37.5,4063,48600,1.0,1.0,gt,gt_jitter,True
11369_1001392,1,1000,17,48,27,63,42,75,32.0,44.5,58.0,2463,36828,1.0,1.0,gt,gt_jitter,True
11369_1001392,2,1001,17,49,24,54,45,83,32.5,38.5,63.5,2463,36480,1.0,1.0,gt,gt_jitter,True
11369_1001392,3,1002,19,48,18,54,36,79,33.0,35.5,57.0,2463,44892,1.0,1.0,gt,gt_jitter,True
10481_1000489,1,1000,8,29,12,70,12,63,18.0,40.5,37.0,7062,62118,1.0,1.0,gt,gt_jitter,True
10481_1000489,2,1001,12,32,10,71,7,54,21.5,40.0,30.0,7062,57340,1.0,1.0,gt,gt_jitter,True
10481_1000489,3,1002,11,30,16,65,14,53,20.0,40.0,33.0,7062,36309,1.0,1.0,gt,gt_jitter,True
11002_1001021,1,1000,9,41,7,45,41,75,24.5,25.5,57.5,6969,41344,1.0,1.0,gt,gt_jitter,True
11002_1001021,2,1001,10,41,1,53,31,73,25.0,26.5,51.5,6969,67704,1.0,1.0,gt,gt_jitter,True
11002_1001021,3,1002,10,43,12,47,38,74,26.0,29.0,55.5,6969,41580,1.0,1.0,gt,gt_jitter,True
10758_1000774,1,1000,24,47,22,61,9,43,35.0,41.0,25.5,2231,30498,1.0,1.0,gt,gt_jitter,True
10758_1000774,2,1001,22,47,22,57,12,44,34.0,39.0,27.5,2231,28000,1.0,1.0,gt,gt_jitter,True
10758_1000774,3,1002,24,47,29,61,9,50,35.0,44.5,29.0,2231,30176,1.0,1.0,gt,gt_jitter,True
10107_1000107,1,1000,22,34,13,49,6,42,27.5,30.5,23.5,900,15552,1.0,1.0,gt,gt_jitter,True
10107_1000107,2,1001,20,37,12,47,8,33,28.0,29.0,20.0,900,14875,1.0,1.0,gt,gt_jitter,True
10107_1000107,3,1002,22,35,12,39,8,42,28.0,25.0,24.5,900,11934,1.0,1.0,gt,gt_jitter,True
11054_1001075,1,1000,11,36,9,51,10,56,23.0,29.5,32.5,4303,48300,1.0,1.0,gt,gt_jitter,True
11054_1001075,2,1001,14,34,9,55,12,53,23.5,31.5,32.0,4303,37720,1.0,1.0,gt,gt_jitter,True
11054_1001075,3,1002,11,34,9,55,10,54,22.0,31.5,31.5,4303,46552,1.0,1.0,gt,gt_jitter,True
11346_1001369,1,1000,15,43,11,52,15,60,28.5,31.0,37.0,7106,51660,1.0,1.0,gt,gt_jitter,True
11346_1001369,2,1001,15,46,9,47,17,69,30.0,27.5,42.5,7106,61256,1.0,1.0,gt,gt_jitter,True
11346_1001369,3,1002,16,47,8,48,15,61,31.0,27.5,37.5,7106,57040,1.0,1.0,gt,gt_jitter,True
10304_1000310,1,1000,18,32,15,47,19,46,24.5,30.5,32.0,354,12096,1.0,1.0,gt,gt_jitter,True
10304_1000310,2,1001,20,30,20,39,22,53,24.5,29.0,37.0,354,5890,1.0,1.0,gt,gt_jitter,True
10304_1000310,3,1002,21,32,15,49,16,47,26.0,31.5,31.0,354,11594,1.0,1.0,gt,gt_jitter,True
11186_1001209,1,1000,12,46,12,51,34,86,28.5,31.0,59.5,16143,68952,1.0,1.0,gt,gt_jitter,True
11186_1001209,2,1001,11,46,9,62,27,89,28.0,35.0,57.5,16143,115010,1.0,1.0,gt,gt_jitter,True
11186_1001209,3,1002,10,43,9,55,32,90,26.0,31.5,60.5,16143,88044,1.0,1.0,gt,gt_jitter,True
10369_1000375,1,1000,13,25,35,73,42,66,18.5,53.5,53.5,805,10944,1.0,1.0,gt,gt_jitter,True
10369_1000375,2,1001,14,28,35,62,38,63,20.5,48.0,50.0,805,9450,1.0,1.0,gt,gt_jitter,True
10369_1000375,3,1002,12,28,29,66,38,71,19.5,47.0,54.0,805,19536,1.0,1.0,gt,gt_jitter,True
11274_1001297,1,1000,11,48,12,65,17,66,29.0,38.0,41.0,20985,96089,1.0,1.0,gt,gt_jitter,True
11274_1001297,2,1001,11,52,8,54,17,61,31.0,30.5,38.5,20985,82984,1.0,1.0,gt,gt_jitter,True
11274_1001297,3,1002,13,49,13,59,12,60,30.5,35.5,35.5,20985,79488,1.0,1.0,gt,gt_jitter,True
10641_1000657,1,1000,7,21,14,41,17,44,13.5,27.0,30.0,1272,10206,1.0,1.0,gt,gt_jitter,True
10641_1000657,2,1001,6,22,10,39,19,44,13.5,24.0,31.0,1272,11600,1.0,1.0,gt,gt_jitter,True
10641_1000657,3,1002,4,24,12,42,13,45,13.5,26.5,28.5,1272,19200,1.0,1.0,gt,gt_jitter,True
10875_1000891,1,1000,27,38,35,59,3,38,32.0,46.5,20.0,318,9240,1.0,1.0,gt,gt_jitter,True
10875_1000891,2,1001,25,38,26,61,6,40,31.0,43.0,22.5,318,15470,1.0,1.0,gt,gt_jitter,True
10875_1000891,3,1002,24,40,34,59,7,34,31.5,46.0,20.0,318,10800,1.0,1.0,gt,gt_jitter,True
10558_1000570,1,1000,3,14,44,69,40,72,8.0,56.0,55.5,468,8800,1.0,1.0,gt,gt_jitter,True
10558_1000570,2,1001,4,14,32,61,38,67,8.5,46.0,52.0,468,8410,1.0,1.0,gt,gt_jitter,True
10558_1000570,3,1002,0,12,41,69,33,66,5.5,54.5,49.0,468,11088,1.0,1.0,gt,gt_jitter,True
10100_1000100,1,1000,12,27,23,54,18,45,19.0,38.0,31.0,525,12555,1.0,1.0,gt,gt_jitter,True
10100_1000100,2,1001,16,27,18,52,18,47,21.0,34.5,32.0,525,10846,1.0,1.0,gt,gt_jitter,True
10100_1000100,3,1002,14,28,13,43,12,44,20.5,27.5,27.5,525,13440,1.0,1.0,gt,gt_jitter,True
10811_1000827,1,1000,27,46,25,64,15,42,36.0,44.0,28.0,719,20007,1.0,1.0,gt,gt_jitter,True
10811_1000827,2,1001,26,47,23,55,17,38,36.0,38.5,27.0,719,14112,1.0,1.0,gt,gt_jitter,True
10811_1000827,3,1002,27,48,27,55,14,35,37.0,40.5,24.0,719,12348,1.0,1.0,gt,gt_jitter,True
10519_1000529,1,1000,23,37,41,65,29,56,29.5,52.5,42.0,252,9072,1.0,1.0,gt,gt_jitter,True
10519_1000529,2,1001,22,34,34,68,30,63,27.5,50.5,46.0,252,13464,1.0,1.0,gt,gt_jitter,True
10519_1000529,3,1002,23,36,34,59,35,57,29.0,46.0,45.5,252,7150,1.0,1.0,gt,gt_jitter,True
10465_1000473,1,1000,24,48,12,59,10,37,35.5,35.0,23.0,2715,30456,1.0,1.0,gt,gt_jitter,True
10465_1000473,2,1001,25,48,24,59,14,49,36.0,41.0,31.0,2715,28175,1.0,1.0,gt,gt_jitter,True
10465_1000473,3,1002,22,51,14,56,5,43,36.0,34.5,23.5,2715,46284,1.0,1.0,gt,gt_jitter,True
10465_1000473,4,2000,25,41,27,58,32,58,32.5,42.0,44.5,897,12896,1.0,1.0,gt,gt_jitter,True
10465_1000473,5,2001,23,41,29,61,30,63,31.5,44.5,46.0,897,19008,1.0,1.0,gt,gt_jitter,True
10465_1000473,6,2002,24,43,36,55,27,57,33.0,45.0,41.5,897,10830,1.0,1.0,gt,gt_jitter,True
10517_1000527,1,1000,29,45,33,56,44,74,36.5,44.0,58.5,317,11040,1.0,1.0,gt,gt_jitter,True
10517_1000527,2,1001,30,45,25,61,53,77,37.0,42.5,64.5,317,12960,1.0,1.0,gt,gt_jitter,True
10517_1000527,3,1002,32,49,34,52,55,71,40.0,42.5,62.5,317,4896,1.0,1.0,gt,gt_jitter,True
10220_1000224,1,1000,10,27,38,53,17,44,18.0,45.0,30.0,186,6885,1.0,1.0,gt,gt_jitter,True
10220_1000224,2,1001,11,29,33,54,15,43,19.5,43.0,28.5,186,10584,1.0,1.0,gt,gt_jitter,True
10220_1000224,3,1002,10,27,34,58,24,48,18.0,45.5,35.5,186,9792,1.0,1.0,gt,gt_jitter,True
10577_1000590,1,1000,10,42,9,58,30,64,25.5,33.0,46.5,3785,53312,1.0,1.0,gt,gt_jitter,True
10577_1000590,2,1001,13,43,6,56,29,74,27.5,30.5,51.0,3785,67500,1.0,1.0,gt,gt_jitter,True
10577_1000590,3,1002,14,42,12,55,35,63,27.5,33.0,48.5,3785,33712,1.0,1.0,gt,gt_jitter,True
11382_1001405,1,1000,22,57,11,36,16,64,39.0,23.0,39.5,6315,42000,1.0,1.0,gt,gt_jitter,True
11382_1001405,2,1001,25,58,2,45,10,55,41.0,23.0,32.0,6315,63855,1.0,1.0,gt,gt_jitter,True
11382_1001405,3,1002,25,61,11,46,10,56,42.5,28.0,32.5,6315,57960,1.0,1.0,gt,gt_jitter,True
11451_1001475,1,1000,27,43,34,53,40,74,34.5,43.0,56.5,670,10336,1.0,1.0,gt,gt_jitter,True
11451_1001475,2,1001,29,44,29,60,42,68,36.0,44.0,54.5,670,12090,1.0,1.0,gt,gt_jitter,True
11451_1001475,3,1002,27,46,34,59,33,69,36.0,46.0,50.5,670,17100,1.0,1.0,gt,gt_jitter,True
10920_1000937,1,1000,25,52,27,50,17,48,38.0,38.0,32.0,849,19251,1.0,1.0,gt,gt_jitter,True
10920_1000937,2,1001,25,48,25,55,11,49,36.0,39.5,29.5,849,26220,1.0,1.0,gt,gt_jitter,True
10920_1000937,3,1002,21,51,33,57,19,41,35.5,44.5,29.5,849,15840,1.0,1.0,gt,gt_jitter,True
10537_1000547,1,1000,32,50,22,56,4,36,40.5,38.5,19.5,1146,19584,1.0,1.0,gt,gt_jitter,True
10537_1000547,2,1001,29,50,27,56,9,33,39.0,41.0,20.5,1146,14616,1.0,1.0,gt,gt_jitter,True
10537_1000547,3,1002,31,49,33,56,0,31,39.5,44.0,15.0,1146,12834,1.0,1.0,gt,gt_jitter,True
11185_1001208,1,1000,37,50,40,71,10,34,43.0,55.0,21.5,340,9672,1.0,1.0,gt,gt_jitter,True
11185_1001208,2,1001,35,49,50,75,4,36,41.5,62.0,19.5,340,11200,1.0,1.0,gt,gt_jitter,True
11185_1001208,3,1002,35,46,45,64,4,33,40.0,54.0,18.0,340,6061,1.0,1.0,gt,gt_jitter,True
11185_1001208,4,2000,34,55,45,79,49,74,44.0,61.5,61.0,641,17850,1.0,1.0,gt,gt_jitter,True
11185_1001208,5,2001,34,55,44,68,57,81,44.0,55.5,68.5,641,12096,1.0,1.0,gt,gt_jitter,True
11185_1001208,6,2002,34,55,53,72,53,74,44.0,62.0,63.0,641,8379,1.0,1.0,gt,gt_jitter,True
10376_1000382,1,1000,27,52,4,58,15,45,39.0,30.5,29.5,3644,40500,1.0,1.0,gt,gt_jitter,True
10376_1000382,2,1001,27,50,8,47,8,49,38.0,27.0,28.0,3644,36777,1.0,1.0,gt,gt_jitter,True
10376_1000382,3,1002,29,52,4,56,11,51,40.0,29.5,30.5,3644,47840,1.0,1.0,gt,gt_jitter,True
10408_1000415,1,1000,17,33,39,65,14,39,24.5,51.5,26.0,160,10400,1.0,1.0,gt,gt_jitter,True
10408_1000415,2,1001,17,31,43,58,23,40,23.5,50.0,31.0,160,3570,1.0,1.0,gt,gt_jitter,True
10408_1000415,3,1002,17,33,41,63,23,48,24.5,51.5,35.0,160,8800,1.0,1.0,gt,gt_jitter,True
10282_1000288,1,1000,26,55,20,55,10,38,40.0,37.0,23.5,2145,28420,1.0,1.0,gt,gt_jitter,True
10282_1000288,2,1001,25,54,23,52,11,38,39.0,37.0,24.0,2145,22707,1.0,1.0,gt,gt_jitter,True
10282_1000288,3,1002,24,54,29,61,8,33,38.5,44.5,20.0,2145,24000,1.0,1.0,gt,gt_jitter,True
11155_1001178,1,1000,9,33,15,50,14,37,20.5,32.0,25.0,2061,19320,1.0,1.0,gt,gt_jitter,True
11155_1001178,2,1001,9,37,18,50,5,36,22.5,33.5,20.0,2061,27776,1.0,1.0,gt,gt_jitter,True
11155_1001178,3,1002,9,36,16,49,7,45,22.0,32.0,25.5,2061,33858,1.0,1.0,gt,gt_jitter,True
11100_1001123,1,1000,12,58,11,76,8,61,34.5,43.0,34.0,24186,158470,1.0,1.0,gt,gt_jitter,True
11100_1001123,2,1001,14,58,11,76,0,65,35.5,43.0,32.0,24186,185900,1.0,1.0,gt,gt_jitter,True
11100_1001123,3,1002,12,58,2,75,2,59,34.5,38.0,30.0,24186,191406,1.0,1.0,gt,gt_jitter,True
11039_1001059,1,1000,6,69,25,89,7,76,37.0,56.5,41.0,35877,278208,1.0,1.0,gt,gt_jitter,True
11039_1001059,2,1001,3,67,29,84,5,80,34.5,56.0,42.0,35877,264000,1.0,1.0,gt,gt_jitter,True
11039_1001059,3,1002,7,68,21,77,7,79,37.0,48.5,42.5,35877,245952,1.0,1.0,gt,gt_jitter,True
10405_1000412,1,1000,25,41,16,48,9,44,32.5,31.5,26.0,1008,17920,1.0,1.0,gt,gt_jitter,True
10405_1000412,2,1001,24,42,9,49,8,46,32.5,28.5,26.5,1008,27360,1.0,1.0,gt,gt_jitter,True
10405_1000412,3,1002,24,42,19,47,5,43,32.5,32.5,23.5,1008,19152,1.0,1.0,gt,gt_jitter,True
11083_1001105,1,1000,9,24,25,53,47,73,16.0,38.5,59.5,630,10920,1.0,1.0,gt,gt_jitter,True
11083_1001105,2,1001,10,28,31,58,41,68,18.5,44.0,54.0,630,13122,1.0,1.0,gt,gt_jitter,True
11083_1001105,3,1002,7,26,26,52,37,76,16.0,38.5,56.0,630,19266,1.0,1.0,gt,gt_jitter,True
10498_1000507,1,1000,27,47,7,60,19,50,36.5,33.0,34.0,1969,32860,1.0,1.0,gt,gt_jitter,True
10498_1000507,2,1001,24,44,12,58,17,54,33.5,34.5,35.0,1969,34040,1.0,1.0,gt,gt_jitter,True
10498_1000507,3,1002,23,46,7,59,10,47,34.0,32.5,28.0,1969,44252,1.0,1.0,gt,gt_jitter,True
10743_1000759,1,1000,10,33,10,36,30,60,21.0,22.5,44.5,1602,17940,1.0,1.0,gt,gt_jitter,True
10743_1000759,2,1001,9,34,11,47,30,64,21.0,28.5,46.5,1602,30600,1.0,1.0,gt,gt_jitter,True
10743_1000759,3,1002,13,34,12,36,28,62,23.0,23.5,44.5,1602,17136,1.0,1.0,gt,gt_jitter,True
10995_1001014,1,1000,33,54,48,65,54,78,43.0,56.0,65.5,350,8568,1.0,1.0,gt,gt_jitter,True
10995_1001014,2,1001,37,54,44,62,56,75,45.0,52.5,65.0,350,5814,1.0,1.0,gt,gt_jitter,True
10995_1001014,3,1002,37,54,39,66,46,68,45.0,52.0,56.5,350,10098,1.0,1.0,gt,gt_jitter,True
10040_1000040,1,1000,13,34,18,50,34,66,23.0,33.5,49.5,1836,21504,1.0,1.0,gt,gt_jitter,True
10040_1000040,2,1001,13,32,14,41,35,70,22.0,27.0,52.0,1836,17955,1.0,1.0,gt,gt_jitter,True
10040_1000040,3,1002,12,32,8,39,34,68,21.5,23.0,50.5,1836,21080,1.0,1.0,gt,gt_jitter,True
10110_1000110,1,1000,15,34,28,69,0,24,24.0,48.0,11.5,1362,18696,1.0,1.0,gt,gt_jitter,True
10110_1000110,2,1001,16,30,29,71,0,33,22.5,49.5,16.0,1362,19404,1.0,1.0,gt,gt_jitter,True
10110_1000110,3,1002,12,32,32,67,1,27,21.5,49.0,13.5,1362,18200,1.0,1.0,gt,gt_jitter,True
10883_1000899,1,1000,12,26,36,60,13,41,18.5,47.5,26.5,642,9408,1.0,1.0,gt,gt_jitter,True
10883_1000899,2,1001,12,25,29,69,14,41,18.0,48.5,27.0,642,14040,1.0,1.0,gt,gt_jitter,True
10883_1000899,3,1002,9,25,36,66,22,42,16.5,50.5,31.5,642,9600,1.0,1.0,gt,gt_jitter,True
10845_1000861,1,1000,28,45,38,66,16,55,36.0,51.5,35.0,1293,18564,1.0,1.0,gt,gt_jitter,True
10845_1000861,2,1001,30,48,36,70,11,52,38.5,52.5,31.0,1293,25092,1.0,1.0,gt,gt_jitter,True
10845_1000861,3,1002,31,49,33,70,18,61,39.5,51.0,39.0,1293,28638,1.0,1.0,gt,gt_jitter,True
11188_1001211,1,1000,31,51,16,59,42,70,40.5,37.0,55.5,831,24080,1.0,1.0,gt,gt_jitter,True
11188_1001211,2,1001,32,51,16,51,34,74,41.0,33.0,53.5,831,26600,1.0,1.0,gt,gt_jitter,True
11188_1001211,3,1002,34,50,12,61,35,66,41.5,36.0,50.0,831,24304,1.0,1.0,gt,gt_jitter,True
11168_1001191,1,1000,15,30,31,51,8,33,22.0,40.5,20.0,185,7500,1.0,1.0,gt,gt_jitter,True
11168_1001191,2,1001,14,32,27,49,14,30,22.5,37.5,21.5,185,6336,1.0,1.0,gt,gt_jitter,True
11168_1001191,3,1002,14,32,32,49,4,39,22.5,40.0,21.0,185,10710,1.0,1.0,gt,gt_jitter,True
10501_1000510,1,1000,12,38,22,59,50,74,24.5,40.0,61.5,1625,23088,1.0,1.0,gt,gt_jitter,True
10501_1000510,2,1001,12,40,17,61,39,79,25.5,38.5,58.5,1625,49280,1.0,1.0,gt,gt_jitter,True
10501_1000510,3,1002,13,42,18,58,45,80,27.0,37.5,62.0,1625,40600,1.0,1.0,gt,gt_jitter,True
10501_1000510,4,2000,14,41,18,58,6,46,27.0,37.5,25.5,2292,43200,1.0,1.0,gt,gt_jitter,True
10501_1000510,5,2001,14,41,25,63,10,48,27.0,43.5,28.5,2292,38988,1.0,1.0,gt,gt_jitter,True
10501_1000510,6,2002,10,44,18,61,11,47,26.5,39.0,28.5,2292,52632,1.0,1.0,gt,gt_jitter,True
10339_1000345,1,1000,1,25,14,41,18,47,12.5,27.0,32.0,2376,18792,1.0,1.0,gt,gt_jitter,True
10339_1000345,2,1001,2,27,9,53,13,46,14.0,30.5,29.0,2376,36300,1.0,1.0,gt,gt_jitter,True
10339_1000345,3,1002,3,26,16,50,15,56,14.0,32.5,35.0,2376,32062,1.0,1.0,gt,gt_jitter,True
11117_1001140,1,1000,16,29,29,62,20,72,22.0,45.0,45.5,723,22308,1.0,1.0,gt,gt_jitter,True
11117_1001140,2,1001,19,31,39,55,18,75,24.5,46.5,46.0,723,10944,1.0,1.0,gt,gt_jitter,True
11117_1001140,3,1002,16,27,30,64,21,63,21.0,46.5,41.5,723,15708,1.0,1.0,gt,gt_jitter,True
10342_1000348,1,1000,33,54,29,69,11,46,43.0,48.5,28.0,2994,29400,1.0,1.0,gt,gt_jitter,True
10342_1000348,2,1001,34,55,27,71,6,46,44.0,48.5,25.5,2994,36960,1.0,1.0,gt,gt_jitter,True
10342_1000348,3,1002,30,56,36,78,12,52,42.5,56.5,31.5,2994,43680,1.0,1.0,gt,gt_jitter,True
10496_1000505,1,1000,0,55,25,74,11,71,27.0,49.0,40.5,40370,161700,1.0,1.0,gt,gt_jitter,True
10496_1000505,2,1001,0,55,20,74,5,73,27.0,46.5,38.5,40370,201960,1.0,1.0,gt,gt_jitter,True
10496_1000505,3,1002,1,55,21,85,6,73,27.5,52.5,39.0,40370,231552,1.0,1.0,gt,gt_jitter,True
11111_1001134,1,1000,26,49,28,54,12,44,37.0,40.5,27.5,826,19136,1.0,1.0,gt,gt_jitter,True
11111_1001134,2,1001,24,46,23,50,9,42,34.5,36.0,25.0,826,19602,1.0,1.0,gt,gt_jitter,True
11111_1001134,3,1002,26,47,32,57,3,39,36.0,44.0,20.5,826,18900,1.0,1.0,gt,gt_jitter,True
10622_1000636,1,1000,10,61,15,76,9,66,35.0,45.0,37.0,32934,177327,1.0,1.0,gt,gt_jitter,True
10622_1000636,2,1001,10,60,5,69,4,66,34.5,36.5,34.5,32934,198400,1.0,1.0,gt,gt_jitter,True
10622_1000636,3,1002,10,57,8,77,10,70,33.0,42.0,39.5,32934,194580,1.0,1.0,gt,gt_jitter,True
11045_1001065,1,1000,16,37,9,51,33,65,26.0,29.5,48.5,1656,28224,1.0,1.0,gt,gt_jitter,True
11045_1001065,2,1001,13,34,12,52,33,60,23.0,31.5,46.0,1656,22680,1.0,1.0,gt,gt_jitter,True
11045_1001065,3,1002,12,35,14,47,26,57,23.0,30.0,41.0,1656,23529,1.0,1.0,gt,gt_jitter,True
10456_1000464,1,1000,20,31,50,68,21,36,25.0,58.5,28.0,180,2970,1.0,1.0,gt,gt_jitter,True
10456_1000464,2,1001,22,32,52,76,16,43,26.5,63.5,29.0,180,6480,1.0,1.0,gt,gt_jitter,True
10456_1000464,3,1002,23,32,44,70,12,41,27.0,56.5,26.0,180,6786,1.0,1.0,gt,gt_jitter,True
10121_1000121,1,1000,9,40,7,48,32,67,24.0,27.0,49.0,4194,44485,1.0,1.0,gt,gt_jitter,True
10121_1000121,2,1001,9,42,14,47,40,72,25.0,30.0,55.5,4194,34848,1.0,1.0,gt,gt_jitter,True
10121_1000121,3,1002,7,43,7,41,38,76,24.5,23.5,56.5,4194,46512,1.0,1.0,gt,gt_jitter,True
10739_1000755,1,1000,16,45,32,65,0,53,30.0,48.0,26.0,2196,50721,1.0,1.0,gt,gt_jitter,True
10739_1000755,2,1001,15,46,21,67,2,50,30.0,43.5,25.5,2196,68448,1.0,1.0,gt,gt_jitter,True
10739_1000755,3,1002,16,46,26,64,0,50,30.5,44.5,24.5,2196,57000,1.0,1.0,gt,gt_jitter,True
10661_1000677,1,1000,25,37,33,58,19,48,30.5,45.0,33.0,210,8700,1.0,1.0,gt,gt_jitter,True
10661_1000677,2,1001,23,33,40,55,18,51,27.5,47.0,34.0,210,4950,1.0,1.0,gt,gt_jitter,True
10661_1000677,3,1002,24,34,42,58,21,44,28.5,49.5,32.0,210,3680,1.0,1.0,gt,gt_jitter,True
10458_1000466,1,1000,12,23,25,53,15,51,17.0,38.5,32.5,297,11088,1.0,1.0,gt,gt_jitter,True
10458_1000466,2,1001,15,21,27,50,15,46,17.5,38.0,30.0,297,4278,1.0,1.0,gt,gt_jitter,True
10458_1000466,3,1002,13,24,25,48,13,45,18.0,36.0,28.5,297,8096,1.0,1.0,gt,gt_jitter,True
10458_1000466,4,2000,32,45,22,54,9,38,38.0,37.5,23.0,453,12064,1.0,1.0,gt,gt_jitter,True
10458_1000466,5,2001,30,45,28,57,16,41,37.0,42.0,28.0,453,10875,1.0,1.0,gt,gt_jitter,True
10458_1000466,6,2002,30,44,26,57,14,43,36.5,41.0,28.0,453,12586,1.0,1.0,gt,gt_jitter,True
10458_1000466,7,3000,38,47,31,62,14,36,42.0,46.0,24.5,284,6138,1.0,1.0,gt,gt_jitter,True
10458_1000466,8,3001,40,50,34,58,15,41,44.5,45.5,27.5,284,6240,1.0,1.0,gt,gt_jitter,True
10458_1000466,9,3002,37,48,36,61,8,45,42.0,48.0,26.0,284,10175,1.0,1.0,gt,gt_jitter,True
10048_1000048,1,1000,10,28,5,47,9,50,18.5,25.5,29.0,1377,30996,1.0,1.0,gt,gt_jitter,True
10048_1000048,2,1001,11,31,7,38,16,48,20.5,22.0,31.5,1377,19840,1.0,1.0,gt,gt_jitter,True
10048_1000048,3,1002,11,27,17,41,18,49,18.5,28.5,33.0,1377,11904,1.0,1.0,gt,gt_jitter,True
10547_1000558,1,1000,10,66,8,70,0,80,37.5,38.5,39.5,70941,277760,1.0,1.0,gt,gt_jitter,True
10547_1000558,2,1001,9,67,7,73,0,81,37.5,39.5,40.0,70941,310068,1.0,1.0,gt,gt_jitter,True
10547_1000558,3,1002,8,67,4,66,3,77,37.0,34.5,39.5,70941,270692,1.0,1.0,gt,gt_jitter,True
10889_1000905,1,1000,5,23,39,70,35,65,13.5,54.0,49.5,303,16740,1.0,1.0,gt,gt_jitter,True
10889_1000905,2,1001,4,21,39,59,35,73,12.0,48.5,53.5,303,12920,1.0,1.0,gt,gt_jitter,True
10889_1000905,3,1002,7,21,33,64,41,74,13.5,48.0,57.0,303,14322,1.0,1.0,gt,gt_jitter,True
10637_1000653,1,1000,32,45,32,60,9,34,38.0,45.5,21.0,438,9100,1.0,1.0,gt,gt_jitter,True
10637_1000653,2,1001,34,49,30,57,11,33,41.0,43.0,21.5,438,8910,1.0,1.0,gt,gt_jitter,True
10637_1000653,3,1002,32,45,30,62,13,38,38.0,45.5,25.0,438,10400,1.0,1.0,gt,gt_jitter,True
10903_1000919,1,1000,18,34,15,50,46,80,25.5,32.0,62.5,625,19040,1.0,1.0,gt,gt_jitter,True
10903_1000919,2,1001,21,34,22,48,42,76,27.0,34.5,58.5,625,11492,1.0,1.0,gt,gt_jitter,True
10903_1000919,3,1002,17,35,20,48,47,74,25.5,33.5,60.0,625,13608,1.0,1.0,gt,gt_jitter,True
10991_1001010,1,1000,13,27,1,37,30,67,19.5,18.5,48.0,1011,18648,1.0,1.0,gt,gt_jitter,True
10991_1001010,2,1001,10,29,13,32,30,68,19.0,22.0,48.5,1011,13718,1.0,1.0,gt,gt_jitter,True
10991_1001010,3,1002,12,27,3,40,38,62,19.0,21.0,49.5,1011,13320,1.0,1.0,gt,gt_jitter,True
11423_1001447,1,1000,14,48,21,70,52,87,30.5,45.0,69.0,4647,58310,1.0,1.0,gt,gt_jitter,True
11423_1001447,2,1001,15,47,31,68,54,87,30.5,49.0,70.0,4647,39072,1.0,1.0,gt,gt_jitter,True
11423_1001447,3,1002,12,48,25,78,43,86,29.5,51.0,64.0,4647,82044,1.0,1.0,gt,gt_jitter,True
11236_1001259,1,1000,8,46,9,46,23,66,26.5,27.0,44.0,1770,60458,1.0,1.0,gt,gt_jitter,True
11236_1001259,2,1001,8,45,10,44,19,61,26.0,26.5,39.5,1770,52836,1.0,1.0,gt,gt_jitter,True
11236_1001259,3,1002,8,45,13,47,19,56,26.0,29.5,37.0,1770,46546,1.0,1.0,gt,gt_jitter,True
10690_1000706,1,1000,23,38,34,58,50,80,30.0,45.5,64.5,225,10800,1.0,1.0,gt,gt_jitter,True
10690_1000706,2,1001,23,39,35,66,43,78,30.5,50.0,60.0,225,17360,1.0,1.0,gt,gt_jitter,True
10690_1000706,3,1002,25,41,37,60,46,78,32.5,48.0,61.5,225,11776,1.0,1.0,gt,gt_jitter,True
10690_1000706,4,2000,25,41,35,55,6,35,32.5,44.5,20.0,89,9280,1.0,1.0,gt,gt_jitter,True
10690_1000706,5,2001,27,38,41,63,11,32,32.0,51.5,21.0,89,5082,1.0,1.0,gt,gt_jitter,True
10690_1000706,6,2002,24,38,39,56,10,27,30.5,47.0,18.0,89,4046,1.0,1.0,gt,gt_jitter,True
10620_1000634,1,1000,9,18,12,48,32,64,13.0,29.5,47.5,717,10368,1.0,1.0,gt,gt_jitter,True
10620_1000634,2,1001,7,19,20,48,33,68,12.5,33.5,50.0,717,11760,1.0,1.0,gt,gt_jitter,True
10620_1000634,3,1002,9,20,18,52,35,65,14.0,34.5,49.5,717,11220,1.0,1.0,gt,gt_jitter,True
11152_1001175,1,1000,17,40,23,43,32,66,28.0,32.5,48.5,567,15640,1.0,1.0,gt,gt_jitter,True
11152_1001175,2,1001,16,40,24,54,28,64,27.5,38.5,45.5,567,25920,1.0,1.0,gt,gt_jitter,True
11152_1001175,3,1002,17,39,25,47,33,65,27.5,35.5,48.5,567,15488,1.0,1.0,gt,gt_jitter,True
10604_1000618,1,1000,15,30,7,45,30,64,22.0,25.5,46.5,933,19380,1.0,1.0,gt,gt_jitter,True
10604_1000618,2,1001,15,27,8,40,37,59,20.5,23.5,47.5,933,8448,1.0,1.0,gt,gt_jitter,True
10604_1000618,3,1002,13,28,11,37,37,67,20.0,23.5,51.5,933,11700,1.0,1.0,gt,gt_jitter,True
10890_1000906,1,1000,25,32,34,53,6,28,28.0,43.0,16.5,172,2926,1.0,1.0,gt,gt_jitter,True
10890_1000906,2,1001,23,36,25,60,11,28,29.0,42.0,19.0,172,7735,1.0,1.0,gt,gt_jitter,True
10890_1000906,3,1002,24,32,29,58,12,31,27.5,43.0,21.0,172,4408,1.0,1.0,gt,gt_jitter,True
11373_1001396,1,1000,18,29,39,67,19,56,23.0,52.5,37.0,318,11396,1.0,1.0,gt,gt_jitter,True
11373_1001396,2,1001,18,28,44,70,25,44,22.5,56.5,34.0,318,4940,1.0,1.0,gt,gt_jitter,True
11373_1001396,3,1002,19,31,48,74,30,53,24.5,60.5,41.0,318,7176,1.0,1.0,gt,gt_jitter,True
10464_1000472,1,1000,41,63,4,31,28,68,51.5,17.0,47.5,1649,23760,1.0,1.0,gt,gt_jitter,True
10464_1000472,2,1001,43,64,2,31,29,63,53.0,16.0,45.5,1649,20706,1.0,1.0,gt,gt_jitter,True
10464_1000472,3,1002,43,63,3,39,27,66,52.5,20.5,46.0,1649,28080,1.0,1.0,gt,gt_jitter,True
10679_1000695,1,1000,25,48,33,55,45,72,36.0,43.5,58.0,690,13662,1.0,1.0,gt,gt_jitter,True
10679_1000695,2,1001,26,46,28,47,41,79,35.5,37.0,59.5,690,14440,1.0,1.0,gt,gt_jitter,True
10679_1000695,3,1002,25,47,28,52,48,72,35.5,39.5,59.5,690,12672,1.0,1.0,gt,gt_jitter,True
10862_1000878,1,1000,8,44,30,74,12,44,25.5,51.5,27.5,3587,50688,1.0,1.0,gt,gt_jitter,True
10862_1000878,2,1001,7,43,26,76,10,45,24.5,50.5,27.0,3587,63000,1.0,1.0,gt,gt_jitter,True
10862_1000878,3,1002,8,44,29,72,5,51,25.5,50.0,27.5,3587,71208,1.0,1.0,gt,gt_jitter,True
10497_1000506,1,1000,21,33,28,57,37,73,26.5,42.0,54.5,249,12528,1.0,1.0,gt,gt_jitter,True
10497_1000506,2,1001,21,35,34,53,36,70,27.5,43.0,52.5,249,9044,1.0,1.0,gt,gt_jitter,True
10497_1000506,3,1002,19,34,34,53,42,67,26.0,43.0,54.0,249,7125,1.0,1.0,gt,gt_jitter,True
11253_1001276,1,1000,16,31,40,65,38,74,23.0,52.0,55.5,1350,13500,1.0,1.0,gt,gt_jitter,True
11253_1001276,2,1001,19,30,44,69,41,76,24.0,56.0,58.0,1350,9625,1.0,1.0,gt,gt_jitter,True
11253_1001276,3,1002,16,34,36,64,42,77,24.5,49.5,59.0,1350,17640,1.0,1.0,gt,gt_jitter,True
11322_1001345,1,1000,16,32,12,41,32,56,23.5,26.0,43.5,648,11136,1.0,1.0,gt,gt_jitter,True
11322_1001345,2,1001,16,30,23,43,28,56,22.5,32.5,41.5,648,7840,1.0,1.0,gt,gt_jitter,True
11322_1001345,3,1002,12,32,16,47,33,53,21.5,31.0,42.5,648,12400,1.0,1.0,gt,gt_jitter,True
10717_1000733,1,1000,21,49,28,51,11,48,34.5,39.0,29.0,1074,23828,1.0,1.0,gt,gt_jitter,True
10717_1000733,2,1001,22,50,32,57,11,43,35.5,44.0,26.5,1074,22400,1.0,1.0,gt,gt_jitter,True
10717_1000733,3,1002,23,49,32,62,12,42,35.5,46.5,26.5,1074,23400,1.0,1.0,gt,gt_jitter,True
10885_1000901,1,1000,24,48,38,67,10,44,35.5,52.0,26.5,1260,23664,1.0,1.0,gt,gt_jitter,True
10885_1000901,2,1001,23,51,44,73,6,44,36.5,58.0,24.5,1260,30856,1.0,1.0,gt,gt_jitter,True
10885_1000901,3,1002,24,48,41,78,4,34,35.5,59.0,18.5,1260,26640,1.0,1.0,gt,gt_jitter,True
10964_1000983,1,1000,16,36,35,62,7,42,25.5,48.0,24.0,1503,18900,1.0,1.0,gt,gt_jitter,True
10964_1000983,2,1001,14,37,31,58,11,50,25.0,44.0,30.0,1503,24219,1.0,1.0,gt,gt_jitter,True
10964_1000983,3,1002,14,34,36,65,9,50,23.5,50.0,29.0,1503,23780,1.0,1.0,gt,gt_jitter,True
11299_1001322,1,1000,5,22,16,52,30,64,13.0,33.5,46.5,1506,20808,1.0,1.0,gt,gt_jitter,True
11299_1001322,2,1001,6,25,22,42,31,63,15.0,31.5,46.5,1506,12160,1.0,1.0,gt,gt_jitter,True
11299_1001322,3,1002,3,25,12,46,29,59,13.5,28.5,43.5,1506,22440,1.0,1.0,gt,gt_jitter,True
11299_1001322,4,2000,23,43,39,75,47,70,32.5,56.5,58.0,846,16560,1.0,1.0,gt,gt_jitter,True
11299_1001322,5,2001,20,45,46,76,43,70,32.0,60.5,56.0,846,20250,1.0,1.0,gt,gt_jitter,True
11299_1001322,6,2002,23,42,37,72,43,70,32.0,54.0,56.0,846,17955,1.0,1.0,gt,gt_jitter,True
10985_1001004,1,1000,0,23,14,48,22,62,11.0,30.5,41.5,1266,31280,1.0,1.0,gt,gt_jitter,True
10985_1001004,2,1001,2,22,15,49,23,62,11.5,31.5,42.0,1266,26520,1.0,1.0,gt,gt_jitter,True
10985_1001004,3,1002,2,22,22,47,26,66,11.5,34.0,45.5,1266,20000,1.0,1.0,gt,gt_jitter,True
10799_1000815,1,1000,30,46,34,52,15,33,37.5,42.5,23.5,85,5184,1.0,1.0,gt,gt_jitter,True
10799_1000815,2,1001,29,43,35,49,14,29,35.5,41.5,21.0,85,2940,1.0,1.0,gt,gt_jitter,True
10799_1000815,3,1002,26,47,34,48,7,39,36.0,40.5,22.5,85,9408,1.0,1.0,gt,gt_jitter,True
10549_1000561,1,1000,16,33,8,45,5,43,24.0,26.0,23.5,3006,23902,1.0,1.0,gt,gt_jitter,True
10549_1000561,2,1001,12,34,7,52,0,50,22.5,29.0,24.5,3006,49500,1.0,1.0,gt,gt_jitter,True
10549_1000561,3,1002,15,37,12,43,0,48,25.5,27.0,23.5,3006,32736,1.0,1.0,gt,gt_jitter,True
10825_1000841,1,1000,27,66,30,74,14,55,46.0,51.5,34.0,4569,70356,1.0,1.0,gt,gt_jitter,True
10825_1000841,2,1001,27,67,32,65,10,49,46.5,48.0,29.0,4569,51480,1.0,1.0,gt,gt_jitter,True
10825_1000841,3,1002,28,67,32,74,5,59,47.0,52.5,31.5,4569,88452,1.0,1.0,gt,gt_jitter,True
10257_1000261,1,1000,15,28,26,39,8,33,21.0,32.0,20.0,213,4225,1.0,1.0,gt,gt_jitter,True
10257_1000261,2,1001,12,25,27,45,3,30,18.0,35.5,16.0,213,6318,1.0,1.0,gt,gt_jitter,True
10257_1000261,3,1002,16,25,17,45,11,28,20.0,30.5,19.0,213,4284,1.0,1.0,gt,gt_jitter,True
10117_1000117,1,1000,22,47,47,89,13,46,34.0,67.5,29.0,1665,34650,1.0,1.0,gt,gt_jitter,True
10117_1000117,2,1001,22,49,57,87,15,55,35.0,71.5,34.5,1665,32400,1.0,1.0,gt,gt_jitter,True
10117_1000117,3,1002,21,48,53,90,12,54,34.0,71.0,32.5,1665,41958,1.0,1.0,gt,gt_jitter,True
10079_1000079,1,1000,20,44,0,38,24,45,31.5,18.5,34.0,1272,19152,1.0,1.0,gt,gt_jitter,True
10079_1000079,2,1001,20,40,6,38,16,42,29.5,21.5,28.5,1272,16640,1.0,1.0,gt,gt_jitter,True
10079_1000079,3,1002,20,41,3,31,26,49,30.0,16.5,37.0,1272,13524,1.0,1.0,gt,gt_jitter,True
10019_1000019,1,1000,10,18,37,64,27,51,13.5,50.0,38.5,96,5184,1.0,1.0,gt,gt_jitter,True
10019_1000019,2,1001,10,22,36,61,31,48,15.5,48.0,39.0,96,5100,1.0,1.0,gt,gt_jitter,True
10019_1000019,3,1002,10,20,35,63,30,49,14.5,48.5,39.0,96,5320,1.0,1.0,gt,gt_jitter,True
10839_1000855,1,1000,30,43,37,64,45,65,36.0,50.0,54.5,411,7020,1.0,1.0,gt,gt_jitter,True
10839_1000855,2,1001,33,46,34,59,42,67,39.0,46.0,54.0,411,8125,1.0,1.0,gt,gt_jitter,True
10839_1000855,3,1002,31,45,26,53,41,74,37.5,39.0,57.0,411,12474,1.0,1.0,gt,gt_jitter,True
10168_1000171,1,1000,15,44,22,55,0,30,29.0,38.0,14.5,2061,28710,1.0,1.0,gt,gt_jitter,True
10168_1000171,2,1001,15,45,19,57,0,40,29.5,37.5,19.5,2061,45600,1.0,1.0,gt,gt_jitter,True
10168_1000171,3,1002,14,45,21,63,0,32,29.0,41.5,15.5,2061,41664,1.0,1.0,gt,gt_jitter,True
11300_1001323,1,1000,13,36,16,47,15,44,24.0,31.0,29.0,1632,20677,1.0,1.0,gt,gt_jitter,True
11300_1001323,2,1001,11,34,11,38,17,48,22.0,24.0,32.0,1632,19251,1.0,1.0,gt,gt_jitter,True
11300_1001323,3,1002,10,36,13,41,13,50,22.5,26.5,31.0,1632,26936,1.0,1.0,gt,gt_jitter,True
10043_1000043,1,1000,6,37,5,48,8,57,21.0,26.0,32.0,10443,65317,1.0,1.0,gt,gt_jitter,True
10043_1000043,2,1001,10,40,0,54,11,58,24.5,26.5,34.0,10443,76140,1.0,1.0,gt,gt_jitter,True
10043_1000043,3,1002,8,39,4,47,7,57,23.0,25.0,31.5,10443,66650,1.0,1.0,gt,gt_jitter,True
11043_1001063,1,1000,13,40,1,48,11,65,26.0,24.0,37.5,3063,68526,1.0,1.0,gt,gt_jitter,True
11043_1001063,2,1001,15,42,11,36,13,58,28.0,23.0,35.0,3063,30375,1.0,1.0,gt,gt_jitter,True
11043_1001063,3,1002,14,42,11,40,13,68,27.5,25.0,40.0,3063,44660,1.0,1.0,gt,gt_jitter,True
10827_1000843,1,1000,13,58,31,63,8,70,35.0,46.5,38.5,3982,89280,1.0,1.0,gt,gt_jitter,True
10827_1000843,2,1001,11,59,28,63,7,69,34.5,45.0,37.5,3982,104160,1.0,1.0,gt,gt_jitter,True
10827_1000843,3,1002,13,59,36,61,5,72,35.5,48.0,38.0,3982,77050,1.0,1.0,gt,gt_jitter,True
10241_1000245,1,1000,5,15,26,51,23,69,9.5,38.0,45.5,657,11500,1.0,1.0,gt,gt_jitter,True
10241_1000245,2,1001,6,18,27,49,28,67,11.5,37.5,47.0,657,10296,1.0,1.0,gt,gt_jitter,True
10241_1000245,3,1002,3,15,26,45,29,62,8.5,35.0,45.0,657,7524,1.0,1.0,gt,gt_jitter,True
11198_1001221,1,1000,1,14,49,68,40,69,7.0,58.0,54.0,252,7163,1.0,1.0,gt,gt_jitter,True
11198_1001221,2,1001,0,16,43,67,39,71,7.5,54.5,54.5,252,12288,1.0,1.0,gt,gt_jitter,True
11198_1001221,3,1002,4,14,47,65,40,75,8.5,55.5,57.0,252,6300,1.0,1.0,gt,gt_jitter,True
11173_1001196,1,1000,14,33,33,53,18,49,23.0,42.5,33.0,429,11780,1.0,1.0,gt,gt_jitter,True
11173_1001196,2,1001,14,35,36,62,13,48,24.0,48.5,30.0,429,19110,1.0,1.0,gt,gt_jitter,True
11173_1001196,3,1002,14,35,37,57,12,44,24.0,46.5,27.5,429,13440,1.0,1.0,gt,gt_jitter,True
11285_1001308,1,1000,14,37,9,31,30,58,25.0,19.5,43.5,680,14168,1.0,1.0,gt,gt_jitter,True
11285_1001308,2,1001,15,34,2,36,30,66,24.0,18.5,47.5,680,23256,1.0,1.0,gt,gt_jitter,True
11285_1001308,3,1002,18,37,6,32,39,58,27.0,18.5,48.0,680,9386,1.0,1.0,gt,gt_jitter,True
11049_1001069,1,1000,23,39,44,68,25,50,30.5,55.5,37.0,369,9600,1.0,1.0,gt,gt_jitter,True
11049_1001069,2,1001,22,41,37,72,17,50,31.0,54.0,33.0,369,21945,1.0,1.0,gt,gt_jitter,True
11049_1001069,3,1002,22,41,36,67,26,39,31.0,51.0,32.0,369,7657,1.0,1.0,gt,gt_jitter,True
11426_1001450,1,1000,22,35,19,46,18,42,28.0,32.0,29.5,408,8424,1.0,1.0,gt,gt_jitter,True
11426_1001450,2,1001,21,35,27,53,12,41,27.5,39.5,26.0,408,10556,1.0,1.0,gt,gt_jitter,True
11426_1001450,3,1002,21,39,24,50,13,47,29.5,36.5,29.5,408,15912,1.0,1.0,gt,gt_jitter,True
10365_1000371,1,1000,22,42,56,74,49,79,31.5,64.5,63.5,265,10800,1.0,1.0,gt,gt_jitter,True
10365_1000371,2,1001,24,39,49,82,43,74,31.0,65.0,58.0,265,15345,1.0,1.0,gt,gt_jitter,True
10365_1000371,3,1002,25,40,53,79,47,79,32.0,65.5,62.5,265,12480,1.0,1.0,gt,gt_jitter,True
11447_1001471,1,1000,9,37,8,44,14,53,22.5,25.5,33.0,2754,39312,1.0,1.0,gt,gt_jitter,True
11447_1001471,2,1001,12,38,12,39,25,54,24.5,25.0,39.0,2754,20358,1.0,1.0,gt,gt_jitter,True
11447_1001471,3,1002,12,35,13,40,23,55,23.0,26.0,38.5,2754,19872,1.0,1.0,gt,gt_jitter,True
11174_1001197,1,1000,15,62,29,74,0,47,38.0,51.0,23.0,11358,99405,1.0,1.0,gt,gt_jitter,True
11174_1001197,2,1001,13,62,32,73,0,53,37.0,52.0,26.0,11358,106477,1.0,1.0,gt,gt_jitter,True
11174_1001197,3,1002,15,64,30,77,0,56,39.0,53.0,27.5,11358,128968,1.0,1.0,gt,gt_jitter,True
10910_1000927,1,1000,17,42,21,48,6,47,29.0,34.0,26.0,1665,27675,1.0,1.0,gt,gt_jitter,True
10910_1000927,2,1001,17,45,20,58,10,38,30.5,38.5,23.5,1665,29792,1.0,1.0,gt,gt_jitter,True
10910_1000927,3,1002,15,45,13,52,3,41,29.5,32.0,21.5,1665,44460,1.0,1.0,gt,gt_jitter,True
10938_1000957,1,1000,11,33,41,74,7,38,21.5,57.0,22.0,642,22506,1.0,1.0,gt,gt_jitter,True
10938_1000957,2,1001,10,37,40,70,7,47,23.0,54.5,26.5,642,32400,1.0,1.0,gt,gt_jitter,True
10938_1000957,3,1002,9,36,36,73,10,40,22.0,54.0,24.5,642,29970,1.0,1.0,gt,gt_jitter,True
10938_1000957,4,2000,19,57,2,59,14,60,37.5,30.0,36.5,8634,99636,1.0,1.0,gt,gt_jitter,True
10938_1000957,5,2001,22,57,5,54,17,60,39.0,29.0,38.0,8634,73745,1.0,1.0,gt,gt_jitter,True
10938_1000957,6,2002,18,57,11,52,21,67,37.0,31.0,43.5,8634,73554,1.0,1.0,gt,gt_jitter,True
11179_1001202,1,1000,10,30,18,56,30,77,19.5,36.5,53.0,1314,35720,1.0,1.0,gt,gt_jitter,True
11179_1001202,2,1001,12,29,8,53,30,72,20.0,30.0,50.5,1314,32130,1.0,1.0,gt,gt_jitter,True
11179_1001202,3,1002,8,32,11,45,29,67,19.5,27.5,47.5,1314,31008,1.0,1.0,gt,gt_jitter,True
11248_1001271,1,1000,26,39,27,53,32,70,32.0,39.5,50.5,435,12844,1.0,1.0,gt,gt_jitter,True
11248_1001271,2,1001,27,42,19,55,36,70,34.0,36.5,52.5,435,18360,1.0,1.0,gt,gt_jitter,True
11248_1001271,3,1002,26,42,21,46,30,69,33.5,33.0,49.0,435,15600,1.0,1.0,gt,gt_jitter,True
11162_1001185,1,1000,18,49,7,37,15,62,33.0,21.5,38.0,3405,43710,1.0,1.0,gt,gt_jitter,True
11162_1001185,2,1001,18,52,7,40,25,62,34.5,23.0,43.0,3405,41514,1.0,1.0,gt,gt_jitter,True
11162_1001185,3,1002,19,48,0,37,27,57,33.0,18.0,41.5,3405,32190,1.0,1.0,gt,gt_jitter,True
10777_1000793,1,1000,19,36,31,70,9,36,27.0,50.0,22.0,738,17901,1.0,1.0,gt,gt_jitter,True
10777_1000793,2,1001,17,34,33,61,15,35,25.0,46.5,24.5,738,9520,1.0,1.0,gt,gt_jitter,True
10777_1000793,3,1002,16,35,36,68,10,43,25.0,51.5,26.0,738,20064,1.0,1.0,gt,gt_jitter,True
11207_1001230,1,1000,15,49,24,74,8,66,31.5,48.5,36.5,9234,98600,1.0,1.0,gt,gt_jitter,True
11207_1001230,2,1001,14,48,28,79,7,74,30.5,53.0,40.0,9234,116178,1.0,1.0,gt,gt_jitter,True
11207_1001230,3,1002,13,52,31,78,10,73,32.0,54.0,41.0,9234,115479,1.0,1.0,gt,gt_jitter,True
10322_1000328,1,1000,8,25,16,37,14,44,16.0,26.0,28.5,942,10710,1.0,1.0,gt,gt_jitter,True
10322_1000328,2,1001,7,21,7,33,25,45,13.5,19.5,34.5,942,7280,1.0,1.0,gt,gt_jitter,True
10322_1000328,3,1002,9,22,7,41,25,54,15.0,23.5,39.0,942,12818,1.0,1.0,gt,gt_jitter,True
10753_1000769,1,1000,19,34,38,56,15,39,26.0,46.5,26.5,519,6480,1.0,1.0,gt,gt_jitter,True
10753_1000769,2,1001,16,33,37,55,14,33,24.0,45.5,23.0,519,5814,1.0,1.0,gt,gt_jitter,True
10753_1000769,3,1002,15,33,40,58,11,40,23.5,48.5,25.0,519,9396,1.0,1.0,gt,gt_jitter,True
10216_1000220,1,1000,3,24,17,50,22,52,13.0,33.0,36.5,1242,20790,1.0,1.0,gt,gt_jitter,True
10216_1000220,2,1001,6,25,26,49,26,53,15.0,37.0,39.0,1242,11799,1.0,1.0,gt,gt_jitter,True
10216_1000220,3,1002,4,24,18,47,22,56,13.5,32.0,38.5,1242,19720,1.0,1.0,gt,gt_jitter,True
11475_1001499,1,1000,10,30,21,52,14,40,19.5,36.0,26.5,963,16120,1.0,1.0,gt,gt_jitter,True
11475_1001499,2,1001,11,30,20,47,15,51,20.0,33.0,32.5,963,18468,1.0,1.0,gt,gt_jitter,True
11475_1001499,3,1002,10,31,23,50,19,43,20.0,36.0,30.5,963,13608,1.0,1.0,gt,gt_jitter,True
10760_1000776,1,1000,8,29,22,41,27,57,18.0,31.0,41.5,504,11970,1.0,1.0,gt,gt_jitter,True
10760_1000776,2,1001,8,26,11,35,29,53,16.5,22.5,40.5,504,10368,1.0,1.0,gt,gt_jitter,True
10760_1000776,3,1002,6,26,13,44,25,57,15.5,28.0,40.5,504,19840,1.0,1.0,gt,gt_jitter,True
11041_1001061,1,1000,4,34,29,69,12,46,18.5,48.5,28.5,1596,40800,1.0,1.0,gt,gt_jitter,True
11041_1001061,2,1001,5,33,40,63,14,39,18.5,51.0,26.0,1596,16100,1.0,1.0,gt,gt_jitter,True
11041_1001061,3,1002,4,36,29,58,16,43,19.5,43.0,29.0,1596,25056,1.0,1.0,gt,gt_jitter,True
11093_1001116,1,1000,22,41,6,37,5,35,31.0,21.0,19.5,1191,17670,1.0,1.0,gt,gt_jitter,True
11093_1001116,2,1001,21,42,7,37,5,40,31.0,21.5,22.0,1191,22050,1.0,1.0,gt,gt_jitter,True
11093_1001116,3,1002,25,40,4,39,11,36,32.0,21.0,23.0,1191,13125,1.0,1.0,gt,gt_jitter,True
11472_1001496,1,1000,26,42,22,58,47,72,33.5,39.5,59.0,446,14400,1.0,1.0,gt,gt_jitter,True
11472_1001496,2,1001,26,43,22,53,45,79,34.0,37.0,61.5,446,17918,1.0,1.0,gt,gt_jitter,True
11472_1001496,3,1002,25,42,25,55,50,81,33.0,39.5,65.0,446,15810,1.0,1.0,gt,gt_jitter,True
10909_1000926,1,1000,15,41,19,50,38,67,27.5,34.0,52.0,640,23374,1.0,1.0,gt,gt_jitter,True
10909_1000926,2,1001,19,39,22,52,43,63,28.5,36.5,52.5,640,12000,1.0,1.0,gt,gt_jitter,True
10909_1000926,3,1002,15,40,15,45,39,65,27.0,29.5,51.5,640,19500,1.0,1.0,gt,gt_jitter,True
10975_1000994,1,1000,19,34,46,76,17,47,26.0,60.5,31.5,325,13500,1.0,1.0,gt,gt_jitter,True
10975_1000994,2,1001,15,31,47,73,22,46,22.5,59.5,33.5,325,9984,1.0,1.0,gt,gt_jitter,True
10975_1000994,3,1002,18,34,55,75,23,48,25.5,64.5,35.0,325,8000,1.0,1.0,gt,gt_jitter,True
11114_1001137,1,1000,15,35,24,64,37,74,24.5,43.5,55.0,740,29600,1.0,1.0,gt,gt_jitter,True
11114_1001137,2,1001,18,35,35,58,34,65,26.0,46.0,49.0,740,12121,1.0,1.0,gt,gt_jitter,True
11114_1001137,3,1002,14,37,30,56,38,68,25.0,42.5,52.5,740,17940,1.0,1.0,gt,gt_jitter,True
11114_1001137,4,2000,31,47,35,66,40,65,38.5,50.0,52.0,169,12400,1.0,1.0,gt,gt_jitter,True
11114_1001137,5,2001,31,43,36,57,42,72,36.5,46.0,56.5,169,7560,1.0,1.0,gt,gt_jitter,True
11114_1001137,6,2002,28,43,35,69,46,77,35.0,51.5,61.0,169,15810,1.0,1.0,gt,gt_jitter,True
11367_1001390,1,1000,14,27,46,67,36,58,20.0,56.0,46.5,236,6006,1.0,1.0,gt,gt_jitter,True
11367_1001390,2,1001,14,25,38,68,42,56,19.0,52.5,48.5,236,4620,1.0,1.0,gt,gt_jitter,True
11367_1001390,3,1002,12,25,46,63,35,55,18.0,54.0,44.5,236,4420,1.0,1.0,gt,gt_jitter,True
10834_1000850,1,1000,22,50,10,46,30,75,35.5,27.5,52.0,3663,45360,1.0,1.0,gt,gt_jitter,True
10834_1000850,2,1001,20,51,2,48,41,70,35.0,24.5,55.0,3663,41354,1.0,1.0,gt,gt_jitter,True
10834_1000850,3,1002,18,52,11,43,36,67,34.5,26.5,51.0,3663,33728,1.0,1.0,gt,gt_jitter,True
11385_1001409,1,1000,24,46,35,64,13,41,34.5,49.0,26.5,1083,17864,1.0,1.0,gt,gt_jitter,True
11385_1001409,2,1001,24,43,34,65,6,45,33.0,49.0,25.0,1083,22971,1.0,1.0,gt,gt_jitter,True
11385_1001409,3,1002,25,44,36,72,14,44,34.0,53.5,28.5,1083,20520,1.0,1.0,gt,gt_jitter,True
